8358
1
2
4
7
8
11
14
16
19
21
22
26
28
31
32
37
38
41
47
50
52
55
56
59
61
62
64
74
81
88
91
97
98
103
107
115
117
121
122
127
128
138
146
148
152
158
161
162
167
171
176
181
182
185
186
200
208
218
223
233
234
239
241
251
253
256
265
268
271
274
276
280
283
286
292
301
304
310
313
316
321
322
324
327
331
334
339
341
342
345
346
351
357
358
367
369
370
375
379
381
392
400
410
412
416
425
431
434
436
440
446
448
457
458
460
463
465
466
468
471
472
475
481
482
487
491
493
494
499
501
505
511
512
521
524
527
529
539
541
548
557
560
565
569
572
575
577
578
580
583
587
590
592
595
597
598
601
602
604
607
613
614
623
625
626
628
631
638
641
642
644
647
651
654
659
661
662
665
668
671
677
678
687
689
692
695
699
701
713
714
716
721
722
724
731
734
749
750
758
764
784
793
800
809
812
815
820
823
827
829
849
850
852
862
865
866
868
875
878
885
886
890
896
905
908
911
913
914
916
919
923
925
929
930
932
935
939
941
942
944
949
953
959
961
962
964
967
971
974
976
982
985
986
988
997
998
1002
1004
1007
1009
1010
1012
1016
1022
1024
1033
1036
1039
1041
1051
1053
1057
1058
1063
1064
1067
1069
1070
1075
1077
1081
1082
1084
1087
1096
1113
1129
1130
1135
1149
1153
1154
1156
1159
1163
1166
1171
1173
1174
1177
1180
1183
1184
1187
1189
1190
1193
1194
1199
1201
1204
1207
1208
1211
1213
1216
1225
1226
1228
1231
1233
1243
1249
1250
1256
1259
1262
1267
1269
1281
1282
1284
1287
1288
1291
1293
1294
1299
1301
1302
1305
1306
1311
1317
1318
1321
1324
1327
1329
1330
1335
1336
1339
1341
1353
1354
1356
1359
1373
1389
1390
1401
1402
1417
1418
1420
1423
1425
1426
1428
1435
1437
1441
1442
1444
1447
1448
1451
1453
1459
1461
1465
1471
1473
1474
1476
1479
1480
1485
1491
1493
1494
1497
1498
1503
1509
1510
1513
1516
1527
1531
1537
1538
1540
1543
1544
1547
1549
1550
1552
1555
1557
1558
1561
1562
1564
1567
1573
1574
1577
1580
1583
1585
1586
1588
1591
1592
1595
1598
1609
1610
1612
1615
1617
1624
1627
1629
1645
1646
1653
1657
1658
1660
1663
1664
1667
1669
1670
1673
1674
1676
1679
1681
1682
1684
1688
1693
1694
1697
1698
1700
1703
1707
1709
1710
1712
1718
1721
1722
1724
1727
1729
1730
1732
1736
1739
1741
1742
1744
1747
1749
1750
1754
1759
1765
1766
1769
1770
1775
1777
1778
1780
1783
1801
1804
1807
1809
1810
1812
1816
1819
1822
1825
1826
1828
1832
1837
1838
1845
1846
1852
1855
1881
1882
1884
1898
1903
1917
1918
1921
1922
1924
1928
1931
1933
1934
1936
1939
1941
1942
1946
1948
1952
1955
1957
1958
1961
1962
1964
1967
1969
1970
1972
1975
1976
1981
1982
1993
1996
2001
2008
2011
2014
2017
2018
2020
2023
2024
2029
2037
2041
2042
2047
2048
2057
2060
2063
2065
2075
2077
2081
2082
2087
2088
2091
2093
2094
2099
2101
2105
2106
2108
2111
2120
2137
2153
2154
2159
2173
2184
2192
2201
2204
2217
2218
2223
2225
2232
2237
2240
2257
2264
2270
2273
2274
2291
2293
2297
2298
2303
2305
2306
2308
2311
2312
2315
2317
2318
2323
2325
2326
2329
2330
2335
2341
2342
2345
2348
2351
2353
2354
2359
2360
2363
2365
2377
2378
2380
2383
2397
2413
2414
2425
2426
2432
2449
2450
2452
2455
2456
2465
2466
2471
2475
2478
2483
2485
2489
2495
2497
2498
2500
2504
2515
2517
2527
2533
2534
2537
2538
2551
2555
2561
2562
2564
2567
2568
2571
2573
2574
2576
2579
2581
2582
2585
2586
2588
2591
2597
2598
2601
2604
2607
2609
2610
2612
2615
2616
2619
2622
2633
2634
2636
2639
2641
2648
2651
2653
2669
2670
2677
2681
2682
2684
2687
2697
2698
2700
2703
2705
2706
2708
2712
2717
2718
2733
2734
2742
2745
2746
2748
2753
2754
2756
2768
2771
2773
2777
2778
2780
2783
2789
2790
2801
2802
2804
2807
2813
2825
2828
2831
2833
2834
2836
2840
2843
2846
2849
2850
2852
2856
2861
2862
2869
2870
2876
2879
2905
2906
2908
2922
2927
2941
2942
2945
2946
2948
2951
2955
2958
2960
2966
2969
2970
2972
2981
2982
2986
2988
2991
2993
2994
2996
3000
3005
3006
3017
3018
3020
3025
3026
3028
3035
3038
3044
3047
3053
3054
3061
3062
3065
3066
3071
3113
3119
3131
3133
3136
3145
3148
3153
3163
3165
3169
3170
3176
3179
3182
3187
3193
3194
3199
3200
3209
3212
3215
3217
3229
3233
3234
3240
3243
3245
3246
3251
3253
3257
3260
3263
3272
3289
3290
3305
3306
3323
3337
3340
3343
3355
3373
3385
3393
3394
3396
3400
3403
3405
3406
3411
3413
3417
3418
3423
3429
3430
3433
3439
3447
3451
3457
3458
3460
3463
3467
3470
3475
3477
3478
3481
3487
3493
3494
3500
3503
3511
3529
3530
3532
3535
3538
3540
3547
3549
3550
3565
3566
3568
3573
3593
3596
3599
3601
3611
3613
3629
3637
3641
3644
3647
3649
3650
3652
3656
3659
3661
3662
3664
3673
3676
3685
3686
3689
3695
3698
3704
3713
3714
3716
3720
3723
3725
3726
3728
3731
3733
3734
3737
3740
3743
3749
3750
3753
3756
3759
3761
3762
3764
3767
3768
3773
3785
3786
3788
3800
3803
3805
3806
3821
3822
3833
3834
3839
3865
3881
3884
3887
3901
3913
3916
3922
3924
3928
3958
3985
3992
3997
4001
4002
4004
4007
4008
4013
4014
4021
4025
4028
4031
4048
4073
4074
4076
4079
4081
4082
4084
4096
4105
4108
4111
4113
4123
4125
4129
4130
4135
4136
4139
4141
4142
4147
4149
4153
4154
4156
4159
4161
4162
4164
4167
4171
4174
4176
4179
4181
4182
4185
4186
4188
4191
4192
4195
4197
4198
4201
4202
4207
4209
4210
4212
4215
4216
4221
4222
4232
4240
4249
4252
4265
4266
4271
4273
4280
4285
4288
4297
4298
4300
4303
4312
4318
4321
4322
4328
4331
4334
4341
4345
4346
4351
4368
4377
4384
4393
4396
4399
4401
4402
4408
4411
4433
4434
4436
4446
4449
4450
4452
4455
4459
4462
4464
4467
4470
4473
4474
4476
4480
4489
4492
4503
4504
4513
4514
4520
4523
4525
4526
4528
4537
4543
4545
4546
4548
4555
4558
4560
4576
4579
4581
4582
4585
4586
4588
4591
4593
4594
4596
4603
4606
4609
4610
4612
4615
4616
4619
4621
4622
4624
4627
4629
4630
4633
4634
4636
4639
4645
4646
4649
4652
4655
4657
4658
4660
4663
4664
4667
4670
4672
4675
4677
4678
4681
4682
4684
4687
4689
4690
4692
4696
4699
4701
4705
4706
4708
4711
4715
4717
4718
4720
4723
4725
4729
4730
4732
4735
4745
4746
4748
4751
4753
4754
4756
4760
4765
4766
4781
4782
4790
4793
4794
4796
4801
4802
4804
4808
4811
4813
4814
4825
4826
4828
4837
4838
4841
4842
4847
4852
4859
4861
4864
4873
4876
4891
4897
4898
4900
4903
4904
4909
4910
4912
4918
4921
4924
4927
4929
4930
4932
4939
4942
4954
4960
4963
4965
4966
4969
4972
4975
4977
4978
4980
4987
4989
4993
4994
4996
5000
5003
5005
5006
5008
5017
5018
5020
5029
5030
5033
5034
5036
5039
5053
5054
5056
5059
5061
5062
5065
5066
5068
5071
5073
5074
5076
5083
5086
5089
5090
5092
5095
5099
5101
5102
5109
5110
5113
5114
5116
5119
5121
5122
5124
5127
5128
5131
5133
5134
5136
5139
5141
5142
5145
5146
5148
5151
5152
5155
5157
5158
5161
5162
5164
5167
5169
5170
5172
5175
5176
5179
5181
5182
5193
5194
5196
5199
5201
5208
5211
5213
5217
5218
5223
5224
5227
5230
5235
5237
5241
5242
5244
5247
5257
5258
5260
5263
5265
5266
5268
5272
5277
5278
5281
5282
5287
5288
5291
5294
5296
5301
5302
5305
5306
5308
5313
5314
5316
5319
5320
5325
5331
5333
5334
5337
5338
5343
5344
5347
5349
5350
5353
5356
5364
5367
5371
5374
5385
5388
5391
5393
5394
5396
5400
5403
5406
5409
5410
5412
5415
5416
5421
5422
5424
5427
5430
5433
5434
5436
5465
5466
5468
5482
5484
5487
5489
5490
5496
5499
5505
5506
5508
5512
5515
5517
5518
5529
5530
5532
5536
5539
5541
5542
5545
5546
5548
5551
5553
5554
5556
5560
5566
5577
5578
5580
5583
5585
5586
5588
5595
5598
5601
5602
5604
5607
5608
5611
5613
5614
5619
5626
5631
5632
5635
5637
5638
5641
5642
5644
5647
5649
5650
5652
5656
5659
5661
5665
5666
5668
5671
5672
5675
5677
5678
5680
5683
5685
5689
5690
5692
5695
5697
5698
5700
5703
5704
5707
5709
5710
5712
5715
5717
5718
5721
5722
5724
5727
5733
5734
5737
5738
5743
5745
5746
5748
5752
5755
5761
5762
5764
5767
5768
5771
5773
5774
5776
5779
5781
5782
5785
5788
5791
5797
5798
5801
5802
5807
5809
5812
5815
5816
5821
5824
5827
5829
5830
5833
5836
5841
5848
5851
5854
5857
5858
5860
5864
5869
5872
5882
5887
5889
5890
5892
5896
5901
5913
5920
5923
5925
5926
5929
5930
5932
5935
5937
5938
5940
5944
5947
5949
5950
5962
5985
5986
5988
5991
5995
5997
5998
6010
6012
6016
6019
6021
6022
6025
6026
6028
6031
6033
6034
6036
6040
6043
6045
6046
6049
6050
6052
6055
6056
6059
6061
6062
6069
6070
6073
6074
6076
6079
6081
6082
6084
6087
6088
6091
6093
6094
6106
6112
6115
6117
6118
6121
6122
6124
6127
6132
6135
6136
6142
6185
6191
6203
6205
6208
6217
6220
6223
6225
6235
6237
6241
6242
6248
6251
6253
6254
6259
6265
6266
6268
6271
6272
6281
6284
6289
6301
6305
6306
6312
6315
6318
6323
6325
6329
6335
6344
6352
6377
6378
6385
6395
6400
6409
6412
6417
6427
6429
6433
6434
6439
6440
6443
6445
6446
6451
6457
6458
6463
6465
6466
6468
6471
6475
6478
6483
6485
6486
6490
6492
6495
6501
6502
6505
6506
6508
6511
6513
6514
6519
6520
6523
6525
6536
6544
6569
6570
6577
6578
6580
6589
6592
6616
6625
6626
6649
6650
6665
6668
6671
6673
6683
6685
6701
6709
6713
6716
6719
6721
6722
6724
6728
6731
6733
6734
6736
6745
6746
6748
6757
6758
6761
6764
6767
6770
6776
6785
6786
6788
6792
6795
6797
6798
6800
6803
6805
6809
6812
6821
6822
6825
6831
6833
6834
6836
6839
6840
6845
6857
6858
6860
6865
6866
6868
6878
6893
6894
6913
6914
6916
6919
6920
6923
6925
6926
6931
6933
6934
6938
6943
6949
6950
6953
6956
6959
6961
6962
6967
6968
6971
6973
6985
6986
6988
6994
6996
7000
7006
7009
7010
7012
7015
7016
7021
7022
7029
7030
7033
7034
7036
7039
7049
7050
7052
7057
7058
7060
7063
7076
7085
7086
7093
7094
7097
7098
7100
7103
7105
7106
7108
7129
7130
7132
7165
7166
7168
7177
7180
7185
7197
7201
7202
7208
7214
7219
7231
7233
7234
7236
7240
7243
7245
7246
7248
7257
7258
7260
7264
7267
7273
7274
7276
7279
7281
7288
7293
7297
7298
7300
7304
7307
7309
7310
7312
7315
7317
7318
7321
7322
7324
7328
7331
7337
7338
7340
7343
7345
7346
7348
7351
7352
7357
7360
7369
7370
7372
7375
7377
7389
7390
7393
7394
7400
7403
7405
7406
7411
7413
7418
7420
7423
7425
7426
7428
7431
7432
7435
7437
7438
7443
7445
7446
7449
7450
7455
7461
7462
7465
7468
7471
7473
7474
7479
7480
7483
7497
7498
7500
7503
7505
7506
7508
7512
7517
7521
7522
7524
7528
7531
7533
7534
7539
7545
7546
7551
7561
7562
7564
7569
7570
7572
7575
7598
7605
7612
7617
7618
7620
7623
7635
7637
7638
7641
7642
7644
7653
7654
7660
7663
7671
7672
7675
7681
7682
7684
7688
7693
7696
7705
7717
7718
7721
7727
7730
7736
7739
7744
7747
7749
7750
7753
7754
7756
7759
7761
7762
7764
7768
7771
7773
7777
7778
7784
7787
7789
7790
7795
7797
7801
7802
7804
7807
7808
7811
7813
7814
7817
7818
7820
7823
7825
7826
7828
7832
7837
7838
7841
7842
7848
7851
7853
7854
7856
7859
7862
7865
7866
7868
7871
7873
7874
7876
7880
7883
7885
7886
7888
7891
7893
7894
7897
7898
7903
7909
7910
7913
7914
7916
7919
7921
7922
7924
7927
7928
7931
7933
7945
7948
7951
7954
7956
7960
7963
7969
7970
7972
7975
7976
7981
7982
7989
7990
7996
7999
8001
8002
8004
8008
8011
8013
8014
8025
8026
8037
8038
8041
8042
8044
8047
8059
8061
8111
8152
8155
8157
8168
8171
8173
8174
8186
8188
8191
8192
8201
8204
8207
8209
8219
8221
8225
8226
8231
8232
8235
8237
8238
8243
8245
8249
8250
8252
8255
8257
8258
8260
8263
8267
8270
8272
8275
8277
8278
8281
8282
8284
8287
8288
8291
8293
8294
8297
8298
8303
8305
8306
8308
8311
8312
8317
8318
8321
8322
8324
8327
8331
8334
8339
8341
8342
8345
8348
8351
8352
8355
8357
8358
8361
8362
8367
8369
8372
8375
8376
8379
8381
8393
8394
8396
8401
8402
8404
8411
8414
8417
8418
8423
8424
8427
8430
8432
8437
8438
8442
8447
8464
8473
8480
8489
8492
8495
8497
8498
8504
8507
8529
8530
8532
8542
8545
8546
8548
8551
8555
8558
8560
8563
8566
8569
8570
8572
8576
8585
8588
8591
8593
8594
8596
8599
8603
8605
8621
8622
8624
8633
8639
8641
8642
8644
8647
8651
8654
8656
8662
8665
8666
8668
8677
8678
8682
8684
8687
8689
8690
8692
8696
8699
8702
8736
8745
8748
8751
8753
8763
8785
8795
8801
8802
8804
8807
8811
8814
8816
8819
8821
8825
8826
8828
8831
8865
8866
8868
8871
8875
8878
8883
8889
8892
8940
8943
8945
8946
8948
8955
8958
8960
8969
8972
8977
8987
8989
9008
9014
9017
9020
9023
9025
9026
9028
9035
9038
9040
9043
9045
9049
9050
9052
9055
9073
9074
9076
9079
9083
9089
9090
9092
9099
9102
9107
9109
9119
9120
9129
9132
9143
9149
9162
9167
9169
9170
9172
9179
9182
9185
9186
9188
9195
9198
9205
9206
9209
9212
9215
9217
9218
9220
9223
9224
9227
9229
9230
9232
9235
9237
9238
9241
9242
9244
9247
9248
9251
9253
9254
9257
9258
9260
9263
9265
9266
9268
9271
9272
9275
9277
9278
9289
9290
9292
9295
9297
9304
9307
9309
9313
9314
9319
9320
9323
9326
9331
9333
9337
9338
9340
9343
9344
9347
9349
9350
9353
9354
9356
9359
9361
9362
9364
9368
9373
9374
9377
9378
9380
9383
9384
9387
9389
9390
9392
9395
9397
9398
9401
9402
9404
9407
9409
9410
9412
9416
9419
9421
9422
9424
9427
9429
9430
9434
9439
9440
9443
9449
9450
9452
9455
9457
9460
9463
9467
9481
9484
9487
9489
9490
9492
9496
9499
9502
9505
9506
9508
9511
9512
9517
9518
9520
9523
9526
9529
9530
9532
9561
9562
9564
9578
9580
9583
9585
9586
9592
9595
9601
9602
9604
9608
9611
9613
9614
9616
9619
9621
9622
9626
9628
9641
9647
9649
9650
9652
9656
9662
9673
9676
9681
9688
9691
9694
9700
9704
9709
9721
9722
9727
9737
9740
9743
9745
9755
9757
9761
9762
9764
9767
9768
9773
9774
9776
9779
9781
9785
9786
9788
9791
9817
9834
9836
9839
9841
9848
9857
9858
9860
9863
9867
9870
9875
9877
9878
9881
9884
9887
9888
9891
9893
9894
9897
9900
9903
9905
9908
9911
9912
9917
9929
9930
9932
9935
9937
9956
9963
9965
9966
9968
9978
9983
9985
9986
9988
9992
9997
10000
10003
10005
10009
10015
10033
10034
10036
10039
10040
10043
10045
10046
10058
10065
10072
10108
10111
10112
10115
10117
10118
10121
10122
10124
10127
10129
10130
10132
10141
10145
10146
10148
10152
10157
10158
10165
10166
10169
10172
10175
10177
10178
10180
10184
10189
10192
10195
10197
10202
10207
10217
10220
10223
10238
10241
10242
10244
10247
10248
10251
10253
10254
10256
10259
10261
10262
10265
10266
10268
10271
10272
10275
10277
10278
10281
10282
10284
10287
10289
10290
10292
10295
10296
10299
10301
10302
10313
10314
10316
10319
10321
10328
10331
10333
10337
10338
10343
10344
10347
10350
10355
10357
10361
10362
10364
10367
10377
10378
10380
10383
10385
10386
10388
10392
10397
10398
10401
10402
10407
10408
10411
10414
10416
10421
10422
10425
10426
10428
10433
10434
10436
10448
10451
10453
10457
10458
10460
10463
10464
10467
10481
10487
10488
10491
10493
10494
10505
10508
10511
10513
10514
10516
10520
10523
10526
10529
10530
10532
10535
10536
10541
10542
10544
10547
10550
10553
10554
10556
10585
10586
10588
10602
10604
10607
10609
10610
10616
10619
10625
10626
10628
10631
10635
10638
10640
10646
10649
10650
10652
10661
10662
10673
10674
10676
10680
10686
10697
10698
10700
10705
10706
10708
10715
10718
10724
10734
10745
10746
10761
10764
10767
10769
10779
10781
10785
10786
10788
10791
10792
10797
10798
10800
10803
10805
10809
10810
10812
10815
10841
10858
10860
10863
10865
10872
10905
10908
10922
10924
10927
10929
10930
10932
10936
10941
10961
10980
10992
11002
11007
11009
11010
11012
11016
11021
11024
11027
11029
11033
11039
11057
11058
11060
11063
11064
11067
11069
11070
11082
11089
11096
11132
11135
11146
11153
11154
11156
11169
11170
11172
11182
11189
11190
11193
11196
11226
11247
11252
11262
11273
11276
11279
11281
11291
11293
11297
11298
11303
11304
11307
11309
11310
11315
11317
11321
11322
11324
11327
11329
11330
11332
11336
11339
11341
11342
11344
11353
11356
11360
11363
11369
11370
11372
11375
11377
11384
11389
11393
11394
11396
11400
11403
11405
11406
11408
11411
11413
11414
11417
11420
11423
11424
11427
11433
11434
11436
11439
11441
11444
11447
11448
11453
11465
11466
11468
11480
11483
11485
11486
11496
11499
11513
11519
11545
11561
11564
11567
11569
11570
11576
11579
11593
11596
11602
11604
11608
11620
11629
11635
11641
11642
11665
11672
11677
11684
11705
11711
11728
11756
11764
11817
11820
11823
11825
11835
11849
11852
11857
11867
11876
11885
11888
11893
11897
11898
11900
11903
11913
11916
11921
11933
11940
11944
11949
11950
11952
11961
11964
11993
12012
12024
12029
12041
12044
12049
12059
12121
12122
12148
12157
12161
12162
12164
12168
12176
12179
12181
12185
12191
12221
12233
12234
12236
12248
12251
12253
12329
12335
12347
12349
12369
12379
12385
12386
12391
12395
12403
12405
12409
12410
12415
12416
12425
12428
12431
12433
12445
12449
12450
12456
12459
12461
12462
12467
12469
12473
12476
12479
12481
12482
12484
12487
12491
12494
12499
12501
12502
12505
12508
12511
12512
12515
12517
12518
12521
12522
12527
12532
12535
12536
12539
12541
12544
12553
12556
12561
12571
12573
12577
12578
12584
12589
12590
12595
12601
12607
12609
12610
12612
12619
12622
12624
12627
12629
12633
12634
12636
12639
12640
12643
12645
12646
12649
12655
12657
12658
12664
12667
12688
12697
12698
12700
12704
12713
12716
12731
12746
12753
12754
12756
12759
12763
12766
12769
12770
12772
12779
12782
12793
12794
12796
12799
12800
12809
12812
12817
12829
12833
12834
12839
12840
12843
12845
12846
12851
12853
12857
12858
12860
12863
12865
12866
12868
12875
12878
12880
12892
12896
12899
12901
12902
12905
12906
12911
12913
12914
12916
12920
12929
12930
12932
12935
12939
12942
12947
12949
12950
12953
12956
12959
12965
12966
12969
12970
12972
12975
12978
12980
12983
12984
12987
12989
13001
13002
13004
13007
13010
13012
13019
13022
13025
13026
13028
13032
13035
13038
13040
13046
13049
13050
13052
13055
13072
13081
13088
13097
13100
13117
13137
13138
13140
13153
13154
13156
13163
13166
13174
13184
13193
13196
13232
13241
13244
13249
13250
13252
13297
13298
13300
13307
13310
13321
13324
13327
13329
13339
13341
13345
13346
13351
13352
13355
13357
13358
13363
13365
13369
13370
13372
13375
13401
13417
13418
13423
13437
13441
13442
13444
13448
13451
13453
13454
13456
13459
13461
13462
13465
13468
13471
13472
13475
13481
13482
13484
13487
13489
13492
13495
13496
13501
13513
13516
13528
13537
13538
13543
13544
13547
13549
13557
13562
13567
13569
13570
13572
13576
13581
13584
13587
13589
13593
13599
13600
13603
13605
13606
13609
13610
13612
13615
13617
13618
13624
13627
13642
13649
13656
13665
13666
13675
13683
13689
13690
13695
13713
13714
13716
13719
13720
13723
13725
13726
13729
13730
13732
13736
13742
13753
13754
13756
13768
13801
13802
13804
13807
13825
13826
13828
13832
13837
13840
13849
13856
13859
13861
13862
13865
13866
13868
13871
13873
13874
13876
13880
13883
13898
13905
13912
13915
13921
13922
13928
13931
13934
13941
13945
13946
13948
13951
13952
13955
13957
13958
13961
13962
13964
13967
13969
13970
13972
13976
13981
13985
13986
13988
13991
13992
13995
13997
13998
14003
14006
14009
14010
14012
14015
14017
14018
14020
14024
14029
14032
14042
14048
14053
14054
14057
14060
14065
14068
14072
14075
14077
14097
14098
14100
14104
14107
14113
14114
14116
14120
14125
14134
14140
14170
14186
14209
14210
14212
14216
14233
14234
14236
14257
14258
14260
14264
14269
14270
14281
14282
14284
14330
14336
14345
14348
14353
14365
14369
14370
14376
14382
14387
14399
14401
14402
14404
14407
14411
14414
14416
14419
14421
14422
14425
14426
14428
14431
14432
14435
14437
14438
14441
14442
14447
14449
14450
14452
14455
14456
14461
14462
14465
14466
14468
14472
14475
14477
14478
14480
14483
14485
14486
14489
14490
14492
14496
14499
14505
14506
14508
14511
14513
14514
14516
14519
14520
14525
14537
14538
14540
14545
14546
14548
14568
14576
14581
14593
14594
14596
14600
14605
14608
14611
14613
14614
14617
14618
14620
14623
14624
14627
14629
14630
14633
14634
14636
14639
14641
14642
14644
14648
14651
14665
14666
14668
14673
14674
14676
14680
14685
14686
14689
14690
14692
14695
14696
14699
14701
14702
14704
14707
14713
14714
14716
14719
14720
14729
14732
14737
14738
14740
14743
14749
14753
14754
14760
14763
14765
14766
14771
14777
14778
14780
14783
14785
14786
14788
14791
14795
14798
14806
14809
14810
14812
14816
14821
14822
14825
14833
14834
14836
14840
14843
14846
14849
14850
14852
14855
14856
14859
14861
14862
14864
14867
14869
14870
14873
14874
14876
14879
14885
14886
14889
14892
14895
14897
14898
14900
14903
14904
14907
14910
14921
14922
14924
14929
14936
14939
14941
14945
14946
14948
14952
14955
14957
14958
14960
14963
14965
14969
14970
14972
14975
14985
14986
14988
14991
14993
14994
14996
15000
15005
15009
15010
15012
15016
15019
15021
15022
15024
15027
15030
15033
15034
15036
15039
15066
15084
15089
15090
15092
15102
15121
15122
15124
15128
15131
15137
15138
15140
15144
15193
15194
15196
15210
15220
15230
15233
15234
15236
15239
15240
15243
15246
15254
15257
15258
15260
15269
15270
15273
15281
15282
15284
15288
15293
15294
15296
15305
15308
15313
15314
15316
15323
15326
15329
15330
15342
15349
15350
15353
15354
15356
15359
15361
15362
15364
15367
15368
15371
15373
15374
15376
15379
15381
15382
15385
15386
15388
15391
15392
15395
15397
15398
15401
15402
15404
15407
15409
15410
15412
15415
15416
15419
15421
15422
15433
15434
15436
15439
15441
15448
15451
15453
15457
15458
15464
15467
15469
15470
15481
15482
15484
15487
15488
15491
15493
15494
15512
15517
15518
15521
15522
15524
15527
15545
15546
15548
15551
15553
15554
15556
15560
15563
15565
15566
15568
15571
15573
15574
15577
15583
15584
15593
15594
15596
15599
15601
15604
15607
15611
15613
15625
15628
15633
15634
15636
15640
15643
15645
15646
15649
15650
15652
15655
15656
15659
15661
15662
15664
15667
15673
15674
15676
15679
15688
15691
15693
15694
15696
15699
15701
15702
15705
15706
15708
15711
15712
15715
15717
15718
15721
15722
15724
15727
15729
15730
15736
15739
15741
15745
15746
15748
15752
15755
15757
15758
15760
15763
15765
15766
15769
15772
15781
15782
15785
15786
15788
15791
15793
15794
15796
15800
15806
15808
15817
15820
15825
15832
15835
15837
15838
15844
15848
15853
15854
15859
15865
15866
15868
15871
15881
15884
15887
15889
15899
15901
15905
15906
15908
15912
15917
15918
15920
15923
15925
15929
15932
15935
15937
15938
15940
15944
15947
15949
15950
15952
15961
15962
15964
15968
15977
15978
15980
15983
15985
15992
16001
16002
16004
16007
16025
16028
16031
16032
16035
16037
16038
16056
16059
16061
16073
16074
16076
16079
16081
16091
16094
16100
16104
16107
16109
16110
16112
16121
16122
16124
16127
16153
16169
16180
16189
16219
16222
16265
16268
16271
16273
16274
16276
16280
16285
16296
16301
16309
16310
16313
16316
16319
16321
16322
16324
16328
16331
16334
16336
16345
16346
16381
16382
16384
16393
16396
16399
16401
16411
16413
16417
16418
16423
16424
16427
16429
16430
16435
16437
16441
16442
16444
16447
16449
16450
16452
16455
16459
16462
16464
16467
16469
16470
16473
16474
16476
16479
16480
16483
16485
16486
16489
16490
16495
16497
16498
16500
16503
16504
16509
16510
16513
16514
16516
16519
16523
16526
16531
16533
16534
16537
16540
16543
16544
16547
16549
16550
16553
16554
16559
16561
16564
16567
16568
16571
16573
16585
16586
16588
16593
16594
16596
16603
16606
16609
16610
16615
16616
16619
16622
16624
16629
16630
16634
16639
16641
16642
16644
16647
16648
16651
16653
16654
16659
16661
16662
16665
16666
16671
16677
16678
16681
16684
16687
16689
16690
16695
16696
16699
16701
16704
16707
16709
16710
16713
16714
16716
16719
16721
16722
16724
16728
16734
16737
16738
16740
16743
16747
16749
16750
16752
16755
16758
16761
16762
16764
16767
16777
16778
16780
16783
16785
16786
16788
16795
16797
16801
16802
16804
16807
16808
16811
16813
16819
16821
16825
16831
16833
16834
16836
16840
16843
16845
16846
16848
16851
16853
16854
16857
16858
16860
16863
16864
16867
16869
16870
16873
16874
16876
16879
16882
16884
16888
16891
16894
16928
16937
16940
16943
16945
16955
16977
16987
16993
16994
16996
16999
17003
17006
17008
17011
17013
17017
17018
17020
17023
17057
17058
17060
17063
17067
17070
17075
17081
17084
17132
17135
17137
17138
17140
17147
17150
17152
17161
17164
17169
17179
17181
17185
17186
17188
17191
17192
17197
17198
17205
17217
17218
17220
17227
17230
17232
17235
17237
17238
17241
17242
17244
17247
17248
17251
17253
17254
17257
17260
17263
17268
17271
17281
17282
17284
17287
17291
17294
17299
17301
17302
17311
17312
17315
17321
17322
17329
17332
17335
17341
17353
17354
17356
17359
17361
17371
17377
17378
17384
17387
17392
17397
17398
17401
17404
17407
17409
17410
17412
17415
17416
17419
17421
17422
17424
17427
17429
17430
17433
17434
17436
17439
17440
17443
17445
17446
17449
17450
17452
17455
17457
17458
17460
17463
17464
17467
17469
17470
17481
17482
17484
17487
17489
17496
17499
17501
17505
17506
17511
17512
17515
17518
17523
17525
17529
17530
17532
17535
17536
17539
17541
17542
17545
17546
17548
17551
17553
17554
17556
17560
17565
17566
17569
17570
17572
17575
17576
17579
17581
17582
17584
17587
17589
17590
17593
17594
17596
17599
17601
17602
17604
17608
17611
17613
17614
17616
17619
17621
17622
17626
17631
17632
17635
17641
17642
17644
17647
17649
17652
17655
17659
17664
17667
17669
17670
17673
17674
17676
17679
17681
17682
17684
17688
17691
17693
17694
17697
17698
17700
17703
17704
17707
17709
17710
17712
17715
17718
17721
17722
17724
17727
17729
17730
17732
17735
17736
17739
17741
17742
17747
17749
17750
17753
17754
17759
17765
17766
17769
17770
17775
17777
17778
17783
17784
17787
17793
17794
17796
17799
17800
17803
17805
17806
17808
17811
17813
17814
17818
17820
17823
17824
17827
17829
17830
17833
17834
17836
17839
17842
17844
17847
17848
17854
17856
17859
17861
17862
17865
17868
17873
17874
17876
17880
17883
17886
17889
17890
17892
17895
17896
17899
17901
17907
17913
17914
17919
17929
17932
17935
17937
17947
17949
17953
17954
17956
17959
17960
17965
17966
17968
17971
17973
17977
17978
17980
17983
18009
18026
18028
18031
18033
18040
18049
18050
18052
18055
18059
18062
18067
18069
18070
18073
18076
18079
18080
18083
18085
18086
18089
18092
18095
18097
18100
18103
18104
18109
18121
18122
18124
18127
18129
18148
18155
18157
18158
18160
18170
18175
18177
18178
18180
18184
18189
18192
18195
18197
18198
18201
18202
18207
18208
18211
18213
18214
18217
18218
18220
18223
18228
18231
18237
18250
18257
18264
18273
18274
18276
18279
18283
18285
18286
18300
18303
18304
18307
18309
18310
18313
18314
18316
18319
18321
18322
18324
18333
18337
18338
18344
18347
18349
18352
18357
18358
18361
18364
18367
18369
18370
18372
18376
18381
18384
18387
18389
18390
18394
18399
18400
18403
18409
18420
18423
18424
18430
18433
18434
18436
18439
18440
18443
18445
18446
18448
18451
18453
18454
18457
18458
18460
18463
18464
18467
18469
18470
18473
18474
18476
18479
18481
18482
18484
18487
18488
18491
18493
18494
18505
18506
18508
18511
18513
18520
18523
18525
18529
18530
18535
18536
18539
18542
18547
18549
18553
18554
18556
18559
18569
18570
18572
18575
18577
18578
18580
18584
18589
18590
18593
18594
18599
18600
18603
18606
18608
18613
18614
18617
18618
18620
18625
18626
18628
18640
18643
18645
18649
18650
18652
18655
18656
18659
18673
18679
18680
18683
18685
18686
18688
18691
18693
18694
18697
18698
18700
18703
18705
18706
18708
18712
18715
18717
18718
18721
18722
18724
18727
18728
18731
18733
18734
18736
18739
18742
18745
18746
18748
18751
18753
18754
18756
18759
18760
18763
18765
18766
18771
18773
18774
18777
18778
18783
18789
18790
18793
18794
18799
18801
18802
18807
18808
18811
18817
18818
18820
18832
18835
18837
18838
18841
18842
18844
18848
18851
18853
18854
18857
18863
18866
18868
18872
18878
18880
18883
18885
18886
18889
18890
18892
18897
18898
18900
18907
18910
18913
18914
18916
18919
18920
18923
18926
18931
18937
18938
18943
18953
18956
18959
18961
18971
18973
18977
18978
18980
18983
18984
18989
18990
18992
18995
18997
19001
19002
19004
19007
19033
19050
19052
19055
19057
19064
19097
19100
19114
19116
19119
19121
19122
19124
19128
19133
19153
19172
19184
19194
19199
19201
19202
19204
19208
19213
19216
19219
19221
19222
19225
19226
19231
19232
19235
19237
19238
19241
19242
19244
19247
19252
19255
19261
19274
19281
19288
19297
19298
19300
19303
19307
19309
19310
19324
19327
19338
19345
19361
19362
19368
19371
19376
19381
19382
19385
19388
19391
19393
19394
19396
19408
19411
19413
19424
19427
19433
19434
19439
19444
19447
19454
19465
19468
19471
19473
19483
19485
19489
19490
19495
19496
19499
19501
19502
19507
19509
19513
19514
19516
19519
19521
19522
19524
19528
19531
19533
19534
19536
19545
19548
19552
19555
19561
19562
19564
19567
19569
19576
19581
19585
19586
19588
19592
19595
19597
19598
19600
19603
19605
19606
19609
19612
19615
19616
19619
19625
19626
19628
19631
19633
19636
19639
19640
19645
19657
19658
19660
19672
19675
19677
19678
19688
19691
19705
19711
19713
19714
19716
19719
19720
19723
19726
19731
19733
19734
19737
19738
19743
19749
19750
19756
19759
19761
19762
19767
19768
19771
19776
19779
19781
19782
19785
19786
19788
19791
19793
19800
19809
19810
19816
19819
19821
19822
19833
19834
19839
19840
19843
19845
19846
19849
19852
19857
19858
19860
19864
19869
19873
19874
19876
19879
19883
19885
19886
19891
19897
19903
19912
19915
19917
19918
19929
19930
19945
19946
19948
19951
19953
19956
20009
20012
20015
20017
20027
20041
20044
20049
20059
20068
20077
20080
20085
20089
20090
20092
20095
20105
20108
20113
20125
20132
20136
20141
20142
20144
20153
20156
20185
20204
20216
20221
20233
20236
20241
20251
20257
20258
20260
20263
20264
20269
20270
20304
20313
20314
20325
20326
20332
20335
20349
20353
20354
20356
20360
20368
20371
20373
20374
20377
20383
20384
20387
20393
20394
20404
20407
20413
20425
20426
20428
20440
20443
20445
20456
20459
20464
20473
20479
20481
20482
20484
20487
20488
20491
20493
20494
20496
20499
20501
20502
20505
20506
20508
20511
20512
20515
20517
20518
20521
20522
20524
20527
20529
20530
20532
20535
20536
20539
20541
20542
20544
20547
20549
20550
20553
20554
20556
20559
20561
20562
20564
20568
20571
20573
20577
20578
20580
20583
20584
20587
20589
20590
20592
20595
20597
20601
20602
20604
20607
20617
20618
20620
20623
20625
20626
20628
20632
20637
20638
20641
20642
20647
20648
20651
20654
20656
20661
20662
20665
20666
20668
20673
20674
20676
20680
20683
20685
20686
20697
20698
20700
20704
20707
20713
20714
20716
20719
20721
20728
20731
20733
20734
20745
20748
20751
20753
20754
20756
20760
20763
20766
20769
20770
20772
20775
20776
20781
20782
20784
20787
20790
20793
20794
20796
20801
20802
20804
20807
20811
20814
20816
20819
20821
20822
20825
20826
20831
20832
20835
20837
20838
20841
20844
20847
20849
20850
20855
20856
20859
20865
20866
20868
20872
20875
20877
20878
20889
20890
20892
20896
20899
20901
20902
20905
20906
20908
20911
20913
20914
20916
20920
20926
20928
20931
20933
20934
20937
20938
20940
20943
20945
20946
20948
20955
20958
20961
20962
20964
20967
20968
20971
20973
20974
20976
20979
20981
20982
20985
20986
20988
20991
21001
21004
21007
21009
21019
21021
21025
21026
21028
21031
21032
21037
21038
21040
21043
21045
21049
21050
21052
21055
21057
21058
21060
21063
21067
21070
21072
21075
21077
21078
21081
21082
21084
21088
21091
21093
21094
21097
21100
21103
21105
21106
21108
21111
21112
21117
21145
21148
21162
21164
21167
21169
21170
21172
21176
21181
21193
21194
21196
21199
21220
21227
21229
21230
21242
21244
21249
21250
21252
21255
21256
21259
21261
21262
21267
21269
21270
21274
21279
21280
21283
21289
21290
21297
21300
21303
21309
21310
21312
21315
21317
21318
21321
21322
21324
21329
21336
21345
21346
21352
21355
21360
21365
21366
21372
21375
21385
21386
21388
21391
21393
21394
21396
21405
21409
21410
21412
21415
21416
21419
21421
21422
21429
21430
21436
21439
21441
21442
21444
21447
21448
21451
21453
21454
21466
21471
21472
21475
21477
21478
21481
21482
21484
21487
21492
21496
21502
21504
21507
21509
21510
21513
21514
21516
21519
21521
21522
21524
21528
21531
21533
21537
21538
21540
21543
21544
21547
21549
21550
21552
21555
21557
21561
21562
21564
21567
21569
21570
21572
21575
21576
21579
21581
21582
21584
21587
21589
21590
21593
21594
21596
21599
21600
21605
21606
21609
21610
21612
21615
21618
21620
21623
21624
21629
21630
21633
21634
21636
21639
21640
21643
21645
21646
21648
21651
21653
21654
21657
21660
21663
21664
21669
21670
21673
21674
21676
21679
21681
21682
21684
21687
21688
21693
21696
21699
21701
21702
21705
21708
21713
21720
21723
21726
21729
21730
21732
21735
21736
21741
21747
21749
21754
21759
21761
21762
21764
21767
21768
21771
21774
21776
21779
21781
21782
21785
21786
21788
21791
21792
21795
21797
21798
21801
21802
21804
21807
21809
21810
21815
21816
21819
21833
21834
21836
21839
21841
21842
21844
21848
21851
21853
21854
21857
21858
21860
21863
21867
21869
21870
21872
21875
21881
21882
21888
21891
21893
21894
21897
21898
21900
21903
21911
21912
21915
21917
21918
21921
21922
21924
21927
21928
21931
21933
21934
21936
21939
21941
21942
21945
21946
21948
21951
21953
21954
21956
21960
21963
21965
21966
21968
21971
21973
21974
21978
21984
21987
21989
21990
21993
21994
21996
21999
22001
22002
22004
22007
22011
22014
22017
22018
22020
22023
22024
22027
22030
22032
22035
22037
22038
22042
22044
22047
22048
22051
22053
22054
22057
22058
22060
22063
22065
22066
22068
22071
22072
22075
22078
22089
22090
22092
22095
22104
22107
22109
22113
22114
22116
22119
22123
22125
22126
22128
22131
22133
22137
22138
22140
22143
22153
22154
22156
22159
22161
22162
22164
22168
22173
22177
22178
22180
22183
22187
22189
22190
22192
22195
22197
22198
22201
22204
22209
22210
22212
22216
22234
22240
22245
22246
22249
22252
22257
22260
22267
22270
22272
22275
22277
22278
22281
22282
22284
22287
22289
22299
22301
22305
22306
22312
22315
22320
22325
22326
22332
22335
22337
22338
22340
22344
22347
22350
22361
22362
22368
22377
22378
22388
22397
22398
22401
22402
22404
22408
22411
22413
22414
22416
22419
22421
22422
22425
22426
22428
22431
22432
22435
22437
22438
22441
22442
22444
22447
22452
22461
22462
22464
22467
22469
22470
22473
22474
22476
22479
22481
22482
22484
22491
22494
22497
22498
22500
22503
22504
22507
22509
22510
22517
22518
22521
22537
22540
22543
22545
22555
22557
22561
22562
22567
22568
22571
22573
22574
22579
22581
22585
22586
22588
22591
22593
22594
22596
22600
22603
22605
22606
22608
22617
22618
22620
22624
22627
22633
22634
22636
22639
22641
22648
22653
22657
22658
22660
22664
22667
22669
22670
22672
22675
22677
22681
22684
22688
22691
22697
22698
22700
22703
22705
22711
22712
22717
22729
22730
22732
22737
22738
22740
22750
22760
22763
22768
22773
22778
22785
22786
22788
22792
22797
22800
22803
22805
22806
22809
22810
22815
22816
22819
22821
22822
22825
22826
22828
22831
22833
22834
22839
22840
22843
22848
22851
22853
22854
22857
22858
22860
22863
22865
22866
22868
22877
22878
22881
22882
22884
22887
22888
22891
22893
22894
22896
22899
22905
22906
22908
22911
22921
22922
22924
22929
22930
22932
22935
22952
22958
22960
22963
22965
22966
22969
22970
22972
22977
22978
22980
23001
23002
23004
23008
23025
23026
23028
23032
23035
23038
23081
23084
23087
23089
23099
23113
23116
23121
23131
23140
23144
23149
23150
23152
23157
23161
23162
23164
23167
23177
23180
23185
23197
23204
23213
23216
23225
23228
23231
23276
23284
23305
23308
23311
23323
23329
23330
23336
23339
23341
23344
23356
23359
23361
23362
23364
23368
23371
23374
23376
23385
23386
23392
23395
23401
23402
23412
23416
23419
23421
23456
23465
23466
23468
23471
23521
23522
23524
23548
23553
23554
23556
23560
23565
23568
23577
23584
23587
23593
23594
23596
23599
23601
23611
23613
23616
23619
23621
23622
23625
23626
23628
23631
23633
23634
23636
23640
23643
23645
23649
23650
23652
23656
23659
23661
23662
23664
23667
23673
23674
23676
23679
23680
23683
23685
23686
23689
23690
23692
23695
23697
23698
23700
23704
23709
23710
23713
23714
23716
23720
23723
23725
23726
23728
23731
23733
23734
23737
23738
23740
23743
23745
23746
23748
23752
23755
23757
23758
23760
23763
23765
23766
23769
23770
23775
23776
23779
23785
23786
23788
23791
23793
23796
23799
23803
23805
23808
23811
23813
23814
23817
23818
23820
23823
23825
23826
23828
23832
23835
23837
23841
23842
23844
23847
23848
23851
23853
23854
23856
23859
23865
23866
23871
23873
23874
23876
23880
23883
23885
23886
23888
23891
23893
23894
23897
23898
23900
23903
23904
23907
23909
23910
23913
23914
23916
23919
23921
23922
23927
23928
23931
23944
23952
23985
23986
23988
23991
23997
24000
24003
24005
24006
24009
24010
24012
24015
24017
24024
24027
24029
24030
24033
24034
24036
24039
24045
24046
24051
24053
24057
24058
24063
24073
24076
24081
24100
24109
24112
24117
24121
24124
24129
24130
24132
24136
24139
24142
24144
24153
24154
24156
24165
24166
24169
24170
24172
24175
24177
24178
24184
24189
24193
24194
24196
24200
24203
24206
24208
24211
24213
24214
24217
24220
24229
24230
24233
24234
24236
24239
24241
24242
24244
24247
24248
24251
24253
24265
24266
24268
24273
24292
24296
24301
24302
24304
24313
24314
24316
24321
24322
24324
24328
24333
24336
24345
24352
24355
24361
24362
24372
24379
24381
24384
24393
24394
24396
24399
24408
24413
24417
24418
24424
24427
24429
24437
24438
24442
24444
24447
24491
24494
24513
24514
24516
24520
24528
24531
24533
24534
24537
24538
24540
24549
24550
24553
24554
24556
24559
24574
24617
24623
24635
24637
24657
24667
24673
24674
24679
24683
24691
24693
24697
24698
24703
24737
24738
24743
24747
24757
24761
24809
24810
24815
24817
24827
24832
24841
24844
24849
24859
24861
24865
24866
24871
24872
24875
24877
24878
24883
24889
24890
24895
24897
24898
24900
24907
24910
24912
24915
24917
24918
24921
24922
24924
24927
24928
24931
24933
24934
24937
24938
24943
24945
24946
24951
24952
24955
24961
24962
24964
24967
24971
24974
24979
24981
24982
24991
24997
24998
25002
25007
25009
25015
25033
25034
25036
25039
25041
25051
25064
25067
25070
25072
25075
25081
25082
25087
25088
25097
25100
25105
25117
25121
25122
25128
25133
25134
25139
25141
25145
25148
25151
25153
25154
25156
25163
25166
25168
25180
25184
25187
25189
25190
25193
25199
25201
25202
25208
25217
25218
25220
25227
25230
25235
25237
25247
25248
25251
25253
25254
25257
25263
25265
25268
25271
25277
25298
25300
25310
25313
25314
25328
25376
25385
25388
25393
25396
25405
25441
25442
25444
25451
25454
25456
25459
25461
25462
25465
25468
25471
25490
25492
25496
25499
25505
25506
25508
25511
25515
25518
25523
25525
25526
25552
25561
25562
25564
25577
25578
25580
25583
25609
25612
25615
25617
25627
25629
25633
25634
25639
25640
25643
25645
25646
25651
25653
25657
25658
25660
25663
25689
25705
25706
25711
25725
25729
25730
25732
25735
25739
25742
25747
25749
25750
25753
25756
25759
25760
25765
25766
25770
25775
25777
25780
25783
25784
25789
25801
25802
25804
25807
25809
25825
25826
25832
25835
25838
25845
25857
25858
25860
25864
25869
25872
25875
25877
25878
25881
25882
25887
25888
25891
25893
25894
25897
25898
25900
25903
25905
25906
25911
25912
25915
25930
25937
25944
25953
25954
25960
25963
25966
25971
25977
25978
25984
25987
25989
25990
25993
25994
25996
25999
26001
26002
26004
26013
26017
26018
26027
26029
26030
26032
26035
26041
26047
26049
26050
26052
26056
26061
26064
26067
26069
26070
26074
26079
26080
26089
26092
26097
26103
26107
26113
26114
26116
26120
26125
26128
26137
26144
26147
26149
26150
26153
26154
26156
26159
26161
26162
26168
26171
26186
26193
26200
26203
26209
26210
26219
26229
26233
26234
26236
26239
26240
26243
26245
26246
26249
26252
26257
26273
26274
26276
26279
26280
26283
26285
26286
26288
26297
26300
26303
26315
26318
26320
26346
26351
26353
26356
26363
26401
26402
26404
26408
26413
26416
26419
26421
26422
26425
26431
26474
26481
26488
26491
26521
26522
26528
26531
26533
26534
26537
26538
26540
26543
26545
26548
26584
26593
26594
26596
26600
26605
26608
26611
26613
26617
26623
26633
26636
26639
26641
26651
26653
26657
26658
26663
26664
26667
26669
26670
26675
26677
26681
26682
26684
26687
26713
26729
26730
26735
26749
26777
26780
26793
26794
26799
26801
26808
26813
26833
26849
26850
26869
26881
26882
26884
26888
26893
26896
26899
26901
26902
26905
26906
26911
26912
26915
26917
26918
26921
26922
26924
26927
26929
26930
26935
26936
26939
26954
26961
26968
26977
26978
26984
26987
26990
26995
27001
27002
27018
27025
27056
27059
27065
27071
27073
27074
27076
27088
27091
27093
27104
27121
27127
27131
27137
27138
27140
27144
27149
27152
27161
27168
27171
27173
27174
27177
27178
27180
27183
27185
27186
27192
27195
27210
27217
27224
27227
27233
27234
27243
27253
27257
27258
27260
27263
27274
27282
27284
27293
27297
27298
27307
27312
27321
27324
27354
27377
27380
27387
27425
27426
27428
27432
27437
27440
27443
27445
27446
27449
27455
27498
27505
27512
27515
27536
27546
27562
27617
27618
27620
27632
27635
27637
27721
27724
27729
27739
27745
27746
27752
27755
27769
27770
27785
27788
27793
27805
27809
27810
27816
27819
27829
27833
27836
27865
27881
27913
27916
27921
27931
27937
27938
27944
27949
27955
27961
27962
27984
27993
27994
28000
28009
28012
28015
28018
28024
28027
28033
28034
28036
28040
28048
28051
28053
28054
28057
28063
28064
28073
28079
28081
28087
28088
28105
28106
28108
28120
28123
28125
28136
28153
28154
28169
28172
28177
28193
28194
28200
28205
28213
28217
28220
28271
28296
28304
28316
28329
28330
28335
28337
28340
28344
28349
28376
28409
28457
28465
28528
28537
28577
28578
28580
28584
28592
28595
28597
28601
28604
28649
28650
28652
28655
28664
28672
28681
28684
28689
28701
28705
28706
28712
28718
28723
28735
28737
28738
28740
28747
28750
28752
28764
28768
28771
28777
28783
28785
28792
28797
28801
28802
28804
28807
28811
28814
28819
28821
28822
28825
28828
28831
28832
28835
28837
28838
28841
28842
28847
28849
28852
28855
28856
28861
28873
28874
28876
28879
28882
28884
28891
28894
28897
28898
28903
28904
28907
28910
28912
28917
28922
28927
28929
28930
28932
28936
28941
28944
28947
28949
28950
28953
28954
28956
28959
28960
28963
28965
28966
28969
28970
28972
28975
28977
28978
28980
28984
28987
28992
28995
28997
28998
29001
29004
29009
29010
29012
29016
29021
29022
29025
29026
29028
29031
29032
29035
29037
29038
29040
29043
29046
29049
29050
29052
29055
29073
29074
29076
29079
29083
29089
29090
29092
29102
29114
29167
29185
29186
29188
29192
29197
29200
29209
29216
29219
29221
29222
29225
29226
29228
29231
29233
29234
29236
29240
29243
29248
29251
29253
29254
29257
29260
29265
29266
29268
29275
29277
29281
29282
29284
29287
29288
29291
29293
29294
29296
29299
29301
29305
29306
29308
29311
29321
29322
29324
29329
29330
29332
29341
29345
29346
29348
29351
29352
29355
29357
29358
29360
29363
29369
29372
29375
29377
29378
29380
29387
29390
29408
29411
29413
29414
29417
29418
29420
29423
29425
29428
29435
29437
29440
29449
29452
29457
29467
29469
29473
29474
29476
29479
29480
29483
29485
29486
29491
29494
29498
29500
29503
29505
29506
29508
29515
29518
29520
29523
29525
29526
29529
29530
29532
29535
29536
29539
29541
29542
29545
29546
29548
29551
29553
29556
29559
29560
29563
29565
29569
29570
29572
29575
29579
29582
29587
29589
29590
29599
29610
29615
29617
29618
29620
29624
29629
29672
29675
29677
29678
29680
29683
29685
29690
29692
29695
29697
29698
29700
29704
29709
29712
29721
29728
29731
29737
29738
29740
29743
29745
29755
29757
29770
29777
29784
29787
29793
29794
29803
29817
29818
29824
29827
29829
29830
29833
29834
29836
29839
29841
29842
29844
29848
29853
29857
29858
29860
29863
29864
29867
29869
29870
29872
29875
29877
29881
29884
29887
29889
29890
29892
29896
29901
29904
29914
29920
29923
29929
29932
29937
29947
29949
29952
29955
29957
29958
29961
29962
29964
29969
29970
29972
29976
29979
29981
29982
29985
29986
29988
29991
29992
29995
29997
29998
30000
30003
30006
30009
30010
30012
30015
30017
30018
30020
30027
30030
30032
30035
30037
30038
30041
30042
30044
30047
30048
30053
30054
30057
30058
30060
30063
30065
30066
30072
30075
30077
30096
30105
30106
30108
30111
30112
30139
30189
30190
30208
30211
30213
30214
30217
30218
30220
30225
30226
30228
30232
30237
30241
30242
30244
30247
30248
30251
30253
30254
30256
30259
30261
30265
30266
30268
30271
30273
30274
30276
30283
30286
30288
30297
30300
30304
30309
30310
30313
30314
30316
30319
30321
30322
30324
30328
30331
30337
30338
30340
30344
30347
30349
30350
30352
30355
30357
30358
30361
30364
30367
30368
30371
30373
30374
30377
30378
30380
30383
30385
30386
30388
30391
30392
30397
30400
30409
30412
30427
30430
30433
30434
30436
30439
30440
30443
30445
30448
30451
30458
30460
30463
30465
30466
30468
30472
30477
30480
30483
30485
30486
30489
30490
30495
30496
30499
30501
30502
30505
30506
30508
30511
30513
30516
30519
30523
30525
30538
30545
30552
30561
30562
30564
30568
30571
30574
30585
30586
30588
30592
30595
30597
30598
30601
30602
30604
30607
30609
30619
30621
30625
30626
30628
30631
30635
30638
30640
30643
30645
30646
30649
30652
30655
30657
30658
30660
30667
30670
30672
30675
30677
30678
30688
30697
30698
30700
30703
30705
30706
30708
30718
30721
30722
30724
30727
30728
30731
30733
30734
30736
30739
30741
30742
30745
30746
30748
30751
30752
30755
30757
30758
30761
30762
30764
30767
30769
30770
30772
30775
30776
30779
30781
30782
30793
30794
30796
30801
30808
30811
30813
30817
30818
30823
30824
30827
30830
30835
30837
30841
30842
30847
30857
30858
30860
30863
30865
30866
30868
30872
30877
30881
30882
30888
30891
30893
30894
30896
30899
30901
30902
30905
30906
30908
30911
30938
30953
30961
30971
30976
30979
30981
30982
30985
30986
30988
30991
31024
31027
31030
31033
31034
31036
31039
31041
31042
31044
31047
31048
31051
31053
31054
31089
31090
31095
31096
31099
31101
31105
31106
31108
31115
31118
31120
31123
31125
31126
31129
31130
31132
31136
31139
31141
31142
31145
31146
31148
31151
31153
31154
31160
31166
31185
31186
31188
31195
31198
31201
31202
31207
31208
31211
31216
31219
31225
31226
31231
31241
31244
31249
31265
31266
31268
31271
31272
31275
31277
31278
31280
31283
31285
31289
31290
31292
31295
31297
31298
31300
31304
31312
31321
31328
31331
31333
31334
31337
31338
31340
31343
31345
31346
31348
31352
31368
31371
31373
31374
31376
31379
31381
31382
31385
31388
31392
31395
31397
31398
31401
31402
31404
31407
31409
31410
31412
31415
31416
31419
31421
31477
31478
31489
31490
31492
31496
31504
31507
31509
31510
31513
31514
31519
31520
31523
31525
31526
31529
31530
31532
31535
31537
31543
31547
31549
31562
31569
31576
31585
31586
31588
31591
31592
31595
31597
31598
31605
31606
31609
31610
31612
31615
31616
31626
31633
31645
31649
31650
31656
31659
31662
31664
31667
31669
31670
31673
31674
31676
31679
31681
31682
31684
31696
31712
31717
31718
31729
31732
31739
31742
31753
31756
31759
31761
31771
31773
31777
31778
31783
31784
31787
31789
31790
31795
31797
31801
31802
31804
31807
31809
31810
31812
31816
31819
31821
31822
31824
31833
31834
31836
31840
31843
31849
31850
31852
31855
31857
31864
31869
31873
31874
31876
31879
31897
31900
31903
31904
31907
31909
31910
31914
31919
31921
31928
31933
31945
31946
31948
31951
31953
31963
31966
31969
31970
31976
31979
31982
31989
31996
32001
32002
32004
32007
32008
32011
32013
32014
32025
32044
32047
32049
32050
32055
32056
32059
32064
32067
32069
32070
32073
32074
32076
32079
32094
32112
32115
32121
32122
32124
32127
32128
32137
32140
32143
32145
32146
32148
32152
32157
32161
32162
32167
32168
32171
32173
32174
32176
32179
32185
32193
32194
32196
32203
32206
32208
32211
32213
32214
32217
32218
32220
32223
32224
32233
32234
32236
32239
32248
32257
32258
32260
32264
32269
32272
32281
32288
32291
32293
32294
32297
32298
32300
32303
32305
32306
32308
32312
32315
32329
32330
32332
32335
32337
32344
32347
32349
32353
32354
32356
32359
32360
32363
32365
32366
32368
32371
32373
32377
32378
32380
32383
32384
32387
32389
32390
32408
32413
32417
32418
32420
32423
32438
32441
32442
32444
32447
32456
32459
32462
32464
32473
32489
32490
32492
32495
32497
32500
32503
32504
32507
32509
32521
32524
32529
32539
32545
32546
32548
32551
32552
32557
32558
32565
32566
32570
32592
32601
32602
32607
32608
32613
32614
32617
32618
32620
32623
32625
32632
32635
32637
32641
32642
32644
32648
32656
32659
32661
32662
32677
32678
32681
32682
32684
32687
32689
32690
32692
32695
32696
32713
32714
32716
32731
32737
32738
32740
32744
32750
32757
32761
32762
32764
32767
