8026
13
25
35
42
44
49
67
69
70
73
76
79
82
84
87
93
94
100
104
109
110
112
118
124
131
133
134
137
140
143
145
151
155
157
164
168
173
174
179
188
191
193
194
196
199
203
205
206
211
213
214
217
220
224
227
229
230
236
242
244
247
248
254
259
261
262
266
273
279
285
289
290
295
296
299
302
307
309
314
319
328
333
336
348
352
355
361
362
364
372
376
382
385
386
388
391
395
397
398
403
405
406
409
415
419
421
422
426
428
433
439
443
445
451
453
454
477
478
484
488
496
502
506
508
515
517
518
522
530
532
535
536
542
545
546
551
552
555
558
563
566
570
584
589
608
611
617
618
620
632
635
637
648
653
656
666
672
675
681
682
684
690
696
702
704
707
709
710
719
727
728
733
737
738
740
743
744
747
752
755
757
761
762
767
769
770
772
775
776
779
781
782
787
789
790
794
796
799
803
805
806
810
817
818
824
830
832
835
837
838
841
842
844
847
855
856
859
861
871
872
877
880
883
889
892
895
899
901
902
906
920
926
936
947
950
954
956
968
973
979
981
991
992
995
1001
1015
1019
1021
1027
1029
1030
1034
1042
1044
1047
1048
1054
1060
1072
1078
1089
1090
1092
1095
1099
1101
1102
1104
1107
1109
1110
1114
1116
1119
1120
1123
1125
1126
1132
1137
1138
1140
1143
1144
1147
1150
1160
1165
1168
1178
1196
1202
1214
1219
1221
1222
1234
1236
1239
1240
1245
1246
1252
1255
1261
1264
1270
1273
1274
1276
1279
1296
1308
1312
1315
1322
1332
1342
1344
1347
1349
1350
1361
1362
1364
1367
1368
1371
1374
1377
1378
1380
1383
1384
1387
1392
1395
1397
1398
1404
1407
1408
1411
1413
1414
1431
1432
1438
1454
1456
1462
1466
1468
1483
1486
1488
1500
1504
1507
1514
1519
1521
1522
1524
1528
1533
1534
1568
1571
1578
1597
1600
1603
1605
1606
1618
1620
1623
1630
1633
1634
1636
1639
1640
1643
1648
1651
1654
1687
1691
1704
1715
1717
1735
1753
1756
1760
1763
1772
1784
1787
1789
1790
1792
1795
1797
1798
1802
1815
1821
1831
1835
1840
1843
1849
1850
1857
1858
1860
1863
1864
1867
1869
1870
1872
1875
1877
1878
1887
1888
1891
1893
1894
1897
1900
1905
1906
1908
1911
1912
1915
1927
1945
1951
1979
1984
1987
1989
1990
1994
1999
2002
2004
2007
2013
2027
2030
2032
2035
2038
2044
2051
2053
2054
2058
2066
2068
2071
2072
2078
2084
2096
2102
2113
2114
2116
2119
2123
2125
2126
2128
2131
2133
2134
2138
2140
2143
2144
2147
2149
2150
2156
2161
2162
2164
2167
2168
2171
2174
2177
2178
2180
2183
2187
2189
2190
2195
2197
2198
2202
2207
2208
2211
2213
2214
2220
2226
2228
2231
2235
2238
2243
2245
2246
2249
2250
2252
2255
2258
2260
2263
2267
2269
2276
2279
2280
2283
2285
2286
2288
2294
2300
2320
2332
2336
2339
2346
2356
2366
2368
2371
2373
2374
2385
2386
2388
2391
2392
2395
2398
2401
2402
2404
2407
2408
2411
2416
2419
2421
2422
2428
2431
2435
2437
2438
2441
2442
2444
2447
2459
2461
2462
2468
2472
2477
2480
2486
2490
2492
2503
2507
2509
2510
2512
2518
2521
2522
2524
2528
2531
2540
2543
2545
2546
2548
2552
2557
2558
2592
2595
2602
2621
2624
2627
2629
2630
2642
2644
2647
2654
2657
2658
2660
2663
2664
2667
2672
2675
2678
2688
2691
2693
2694
2711
2715
2721
2722
2724
2727
2728
2731
2736
2739
2741
2751
2759
2760
2763
2765
2766
2774
2784
2787
2793
2794
2796
2799
2808
2811
2814
2816
2819
2821
2822
2826
2839
2845
2855
2859
2864
2867
2873
2874
2881
2882
2884
2887
2888
2891
2893
2894
2896
2899
2901
2902
2911
2912
2915
2917
2918
2921
2924
2929
2930
2932
2935
2936
2939
2952
2957
2963
2965
2975
2976
2979
2985
2999
3003
3008
3011
3013
3014
3023
3031
3032
3037
3041
3042
3048
3051
3056
3059
3068
3073
3074
3076
3079
3080
3083
3085
3086
3088
3091
3093
3094
3097
3098
3100
3103
3104
3107
3109
3110
3114
3116
3121
3122
3124
3127
3128
3134
3139
3141
3142
3146
3151
3154
3156
3159
3160
3166
3172
3175
3181
3184
3189
3190
3196
3203
3205
3206
3210
3218
3220
3223
3224
3227
3230
3236
3239
3248
3254
3258
3265
3266
3268
3271
3275
3277
3278
3280
3283
3285
3286
3292
3295
3296
3299
3301
3302
3308
3311
3313
3314
3316
3319
3320
3325
3326
3328
3331
3333
3334
3338
3345
3346
3348
3351
3352
3357
3358
3361
3362
3364
3367
3368
3371
3374
3376
3379
3381
3382
3386
3388
3391
3399
3408
3414
3420
3424
3427
3434
3436
3441
3442
3444
3448
3453
3454
3464
3469
3472
3482
3484
3488
3491
3497
3498
3505
3506
3508
3512
3515
3517
3518
3520
3523
3525
3526
3537
3543
3544
3553
3554
3556
3559
3560
3563
3571
3574
3577
3578
3580
3583
3584
3587
3589
3590
3594
3602
3604
3607
3608
3614
3617
3618
3620
3623
3624
3627
3630
3632
3635
3638
3642
3655
3667
3669
3670
3674
3679
3680
3683
3690
3692
3697
3700
3703
3707
3709
3710
3719
3738
3744
3747
3754
3771
3774
3776
3779
3781
3782
3791
3793
3794
3796
3799
3809
3810
3812
3815
3816
3819
3824
3827
3829
3830
3836
3841
3842
3844
3847
3848
3851
3853
3854
3856
3859
3861
3862
3866
3868
3871
3872
3875
3877
3878
3882
3889
3890
3892
3895
3896
3899
3902
3904
3907
3909
3910
3914
3919
3921
3927
3931
3933
3934
3937
3938
3940
3943
3944
3947
3949
3950
3952
3955
3957
3961
3962
3964
3967
3968
3971
3973
3974
3977
3978
3980
3983
3986
3988
3991
3995
3998
4011
4016
4019
4022
4026
4033
4034
4036
4039
4040
4043
4045
4046
4051
4053
4054
4057
4058
4060
4063
4064
4067
4069
4070
4087
4088
4091
4093
4094
4099
4101
4102
4106
4114
4116
4119
4120
4126
4132
4144
4150
4168
4173
4204
4219
4225
4226
4228
4231
4235
4237
4238
4243
4245
4246
4250
4255
4256
4259
4261
4262
4268
4274
4276
4279
4283
4286
4291
4293
4294
4305
4306
4308
4311
4315
4317
4324
4327
4333
4336
4339
4342
4348
4353
4354
4356
4359
4360
4363
4365
4366
4371
4373
4374
4378
4380
4383
4387
4389
4390
4394
4404
4407
4413
4414
4416
4419
4421
4422
4425
4426
4428
4431
4439
4440
4443
4445
4456
4461
4469
4479
4483
4485
4486
4490
4495
4497
4498
4500
4507
4509
4510
4516
4519
4531
4533
4534
4538
4540
4551
4552
4557
4563
4565
4566
4569
4570
4572
4575
4599
4600
4605
4640
4643
4650
4669
4695
4702
4712
4726
4736
4739
4741
4742
4759
4763
4769
4770
4772
4775
4776
4779
4784
4787
4789
4799
4807
4816
4819
4821
4822
4831
4832
4835
4844
4849
4850
4855
4856
4862
4867
4869
4870
4874
4879
4881
4882
4884
4887
4888
4893
4894
4907
4915
4917
4922
4935
4936
4941
4944
4947
4949
4950
4953
4956
4959
4970
4983
4984
4990
4999
5011
5013
5014
5023
5024
5027
5041
5042
5044
5047
5048
5051
5079
5080
5085
5096
5104
5107
5184
5187
5189
5190
5202
5204
5207
5214
5220
5229
5232
5238
5248
5251
5253
5254
5271
5275
5284
5293
5299
5311
5323
5326
5328
5340
5354
5359
5361
5362
5368
5373
5376
5379
5381
5382
5386
5399
5405
5419
5429
5439
5441
5442
5444
5447
5448
5451
5453
5454
5456
5459
5461
5462
5471
5472
5475
5477
5478
5481
5492
5495
5501
5502
5511
5520
5523
5525
5526
5535
5559
5563
5565
5568
5571
5573
5574
5591
5592
5597
5616
5621
5622
5625
5628
5655
5662
5686
5728
5731
5740
5751
5757
5758
5786
5792
5795
5804
5810
5819
5822
5834
5839
5842
5844
5847
5853
5863
5867
5870
5875
5877
5878
5881
5884
5895
5899
5902
5904
5907
5909
5910
5914
5916
5919
5943
5952
5955
5957
5958
5961
5964
5967
5969
5970
5972
5975
5976
5979
5981
5982
5992
6000
6003
6005
6006
6009
6015
6039
6064
6067
6096
6099
6101
6102
6105
6108
6111
6129
6130
6139
6141
6145
6146
6148
6151
6152
6155
6157
6158
6160
6163
6165
6166
6169
6170
6172
6175
6176
6179
6181
6182
6186
6188
6193
6194
6196
6199
6200
6206
6211
6213
6214
6218
6226
6228
6231
6232
6238
6244
6247
6256
6261
6262
6275
6277
6278
6282
6287
6290
6292
6295
6296
6299
6302
6308
6311
6317
6320
6326
6330
6332
6337
6338
6340
6343
6347
6349
6350
6355
6357
6358
6361
6362
6364
6367
6368
6371
6373
6374
6380
6383
6386
6388
6391
6392
6397
6398
6403
6405
6406
6410
6415
6418
6420
6423
6424
6430
6436
6448
6453
6454
6460
6472
6477
6480
6489
6496
6499
6516
6526
6529
6530
6532
6535
6539
6541
6542
6547
6549
6550
6553
6554
6556
6559
6560
6563
6565
6566
6572
6575
6583
6584
6587
6590
6595
6597
6598
6601
6602
6604
6607
6609
6610
6612
6615
6619
6621
6622
6628
6631
6632
6635
6637
6638
6640
6643
6645
6646
6652
6655
6656
6659
6661
6662
6666
6674
6676
6679
6680
6686
6689
6690
6692
6695
6696
6699
6702
6704
6707
6710
6714
6727
6739
6741
6742
6751
6752
6755
6762
6769
6772
6775
6779
6781
6782
6791
6806
6810
6815
6816
6819
6826
6828
6843
6846
6848
6851
6853
6854
6863
6871
6872
6875
6877
6881
6882
6884
6887
6888
6891
6896
6899
6901
6902
6905
6906
6908
6911
6928
6937
6940
6944
6947
6954
6964
6974
6976
6979
6981
6982
6991
6993
6999
7003
7005
7019
7024
7027
7040
7043
7045
7046
7055
7064
7067
7069
7070
7073
7074
7079
7080
7083
7088
7091
7111
7112
7115
7117
7118
7120
7123
7125
7126
7135
7136
7139
7141
7142
7145
7146
7148
7151
7153
7154
7156
7159
7160
7163
7171
7173
7174
7178
7183
7186
7188
7191
7192
7195
7198
7204
7207
7211
7213
7216
7221
7222
7225
7226
7228
7239
7251
7253
7254
7263
7269
7270
7282
7284
7287
7291
7294
7303
7327
7333
7334
7355
7358
7363
7365
7366
7378
7380
7383
7384
7387
7396
7399
7408
7414
7417
7440
7452
7456
7459
7466
7476
7485
7486
7488
7491
7493
7494
7511
7515
7518
7527
7536
7541
7542
7548
7552
7555
7557
7558
7567
7576
7579
7581
7582
7585
7586
7588
7591
7592
7595
7597
7600
7603
7606
7609
7610
7615
7624
7627
7629
7630
7632
7647
7648
7651
7657
7658
7665
7666
7668
7677
7678
7687
7691
7694
7699
7701
7702
7706
7708
7711
7712
7715
7722
7724
7729
7732
7735
7741
7742
7767
7774
7780
7783
7792
7798
7831
7835
7844
7847
7861
7879
7900
7904
7907
7934
7936
7939
7941
7942
7946
7953
7959
7965
7966
7979
7984
7987
7993
7994
8007
8016
8019
8021
8022
8028
8031
8032
8035
8049
8050
8052
8055
8056
8062
8065
8066
8068
8071
8072
8075
8077
8078
8080
8083
8085
8086
8089
8090
8092
8095
8096
8099
8101
8102
8105
8106
8108
8113
8114
8116
8119
8120
8123
8125
8126
8128
8131
8133
8134
8137
8138
8140
8143
8145
8146
8148
8151
8158
8161
8162
8164
8167
8176
8179
8181
8182
8185
8195
8197
8198
8202
8210
8212
8215
8216
8222
8228
8240
8246
8264
8269
8300
8315
8328
8333
8336
8346
8364
8370
8382
8384
8387
8389
8390
8399
8407
8408
8413
8420
8429
8435
8441
8444
8449
8450
8452
8455
8456
8459
8461
8462
8467
8469
8470
8474
8476
8479
8483
8485
8486
8490
8500
8503
8509
8510
8512
8515
8517
8518
8521
8522
8524
8527
8535
8536
8539
8541
8552
8557
8565
8575
8579
8581
8582
8586
8600
8606
8609
8610
8612
8615
8616
8619
8627
8629
8630
8634
8636
8648
8653
8659
8661
8671
8672
8675
8681
8695
8701
8705
8706
8708
8711
8712
8715
8717
8718
8720
8723
8725
8726
8729
8730
8732
8735
8739
8741
8742
8746
8754
8756
8759
8760
8765
8766
8768
8771
8773
8774
8777
8778
8780
8783
8786
8788
8791
8792
8797
8798
8808
8813
8822
8832
8835
8837
8838
8841
8842
8844
8847
8849
8850
8852
8855
8856
8859
8861
8862
8872
8877
8880
8885
8886
8890
8895
8897
8898
8900
8903
8904
8907
8909
8910
8912
8915
8917
8918
8921
8922
8924
8927
8928
8931
8933
8934
8937
8938
8951
8952
8957
8963
8965
8966
8970
8975
8978
8980
8983
8984
8990
8993
8994
8996
8999
9000
9003
9005
9006
9011
9013
9018
9031
9032
9037
9046
9056
9059
9061
9062
9065
9066
9068
9071
9080
9085
9086
9095
9096
9101
9104
9110
9113
9114
9116
9123
9125
9126
9130
9135
9137
9138
9140
9144
9147
9150
9152
9155
9157
9158
9161
9164
9175
9176
9181
9191
9192
9197
9200
9203
9210
9280
9283
9285
9286
9298
9300
9303
9310
9316
9325
9328
9334
9367
9371
9415
9433
9436
9445
9446
9458
9464
9469
9470
9472
9475
9477
9478
9482
9495
9501
9515
9525
9535
9537
9538
9540
9543
9544
9547
9549
9550
9552
9555
9557
9558
9567
9568
9571
9573
9574
9577
9588
9591
9597
9598
9607
9625
9631
9632
9635
9637
9638
9642
9644
9655
9659
9661
9664
9667
9669
9670
9674
9679
9682
9684
9687
9693
9697
9698
9703
9707
9710
9712
9715
9717
9718
9724
9728
9731
9733
9734
9738
9746
9748
9751
9752
9758
9771
9782
9793
9794
9796
9799
9800
9803
9805
9806
9808
9811
9813
9814
9818
9820
9823
9824
9827
9829
9830
9833
9842
9844
9847
9851
9853
9854
9864
9869
9872
9882
9898
9906
9915
9918
9920
9923
9925
9926
9938
9940
9943
9944
9947
9949
9950
9953
9954
9959
9960
9971
9973
9974
9977
9980
9991
9995
9998
10006
10010
10012
10016
10019
10021
10022
10025
10026
10028
10031
10048
10051
10053
10054
10057
10060
10063
10066
10068
10071
10075
10077
10078
10081
10082
10084
10087
10088
10091
10093
10094
10096
10099
10101
10102
10105
10106
10135
10136
10139
10142
10151
10155
10160
10163
10170
10183
10187
10190
10198
10201
10204
10208
10211
10213
10214
10218
10225
10226
10228
10231
10232
10235
10237
10304
10307
10309
10310
10322
10324
10327
10334
10340
10349
10352
10358
10368
10371
10373
10374
10391
10395
10404
10413
10419
10431
10439
10440
10443
10445
10446
10454
10469
10470
10473
10474
10476
10479
10482
10484
10496
10499
10501
10502
10506
10519
10525
10539
10549
10559
10561
10562
10564
10567
10568
10571
10573
10574
10576
10579
10581
10582
10591
10592
10595
10597
10598
10601
10612
10615
10621
10622
10632
10637
10643
10645
10655
10656
10659
10665
10666
10668
10671
10679
10683
10685
10688
10691
10693
10694
10703
10711
10712
10717
10721
10722
10727
10728
10731
10733
10736
10739
10741
10742
10748
10751
10752
10755
10757
10758
10762
10770
10772
10775
10776
10782
10795
10806
10817
10818
10820
10823
10824
10827
10829
10830
10832
10835
10837
10838
10842
10844
10847
10848
10851
10853
10854
10857
10866
10868
10871
10875
10877
10878
10881
10882
10884
10887
10888
10891
10893
10894
10896
10899
10901
10902
10906
10911
10912
10915
10917
10918
10921
10935
10939
10942
10944
10947
10949
10950
10953
10954
10956
10959
10962
10964
10967
10968
10971
10973
10974
10977
10978
10983
10984
10987
10989
10990
10995
10997
10998
11001
11004
11015
11019
11022
11030
11034
11036
11040
11043
11045
11046
11049
11050
11052
11055
11072
11075
11077
11078
11081
11084
11087
11090
11092
11095
11099
11101
11102
11105
11106
11108
11111
11112
11115
11117
11118
11120
11123
11125
11126
11129
11130
11136
11139
11141
11142
11145
11148
11151
11159
11160
11163
11165
11166
11175
11176
11179
11181
11184
11187
11194
11199
11201
11202
11204
11207
11208
11211
11213
11214
11216
11219
11221
11222
11225
11228
11231
11232
11235
11237
11238
11241
11242
11244
11249
11250
11255
11256
11259
11261
11264
11267
11269
11270
11274
11282
11284
11287
11288
11294
11300
11312
11318
11335
11347
11349
11350
11354
11359
11365
11366
11378
11380
11383
11387
11390
11399
11418
11429
11430
11442
11451
11454
11456
11459
11461
11462
11471
11473
11474
11476
11479
11489
11490
11492
11495
11501
11502
11504
11507
11509
11510
11514
11516
11521
11522
11524
11527
11528
11531
11533
11534
11536
11539
11541
11542
11546
11548
11551
11552
11555
11557
11558
11562
11572
11575
11581
11582
11584
11587
11589
11590
11594
11599
11601
11607
11611
11613
11614
11617
11618
11623
11624
11627
11630
11632
11637
11638
11644
11647
11648
11651
11653
11654
11657
11658
11660
11663
11666
11668
11671
11675
11678
11681
11682
11687
11688
11691
11693
11694
11696
11699
11701
11702
11706
11708
11713
11714
11716
11719
11720
11723
11725
11726
11731
11733
11734
11737
11738
11740
11743
11744
11747
11749
11750
11753
11754
11759
11761
11762
11767
11768
11771
11773
11774
11777
11778
11780
11783
11784
11787
11789
11790
11792
11795
11797
11798
11801
11802
11804
11807
11808
11811
11813
11814
11818
11826
11828
11831
11832
11837
11838
11840
11843
11845
11846
11850
11855
11858
11860
11863
11864
11869
11870
11873
11874
11879
11880
11883
11886
11891
11894
11904
11907
11909
11910
11914
11919
11922
11924
11927
11928
11931
11934
11937
11938
11943
11947
11955
11957
11958
11962
11967
11969
11970
11972
11975
11976
11979
11981
11982
11984
11987
11989
11990
11994
11996
11999
12000
12003
12005
12006
12009
12010
12015
12017
12018
12020
12023
12027
12030
12032
12035
12037
12038
12042
12047
12050
12052
12055
12056
12061
12062
12065
12066
12068
12071
12072
12075
12077
12078
12080
12083
12085
12086
12089
12090
12092
12095
12097
12098
12100
12103
12104
12107
12109
12110
12112
12115
12117
12118
12124
12127
12128
12131
12133
12134
12137
12138
12140
12143
12145
12146
12151
12152
12155
12158
12167
12171
12173
12174
12182
12186
12188
12192
12195
12197
12198
12201
12202
12204
12207
12209
12210
12212
12215
12216
12219
12222
12224
12227
12229
12230
12239
12241
12242
12244
12247
12254
12257
12258
12260
12263
12264
12267
12269
12270
12272
12275
12277
12278
12281
12282
12284
12287
12289
12290
12292
12295
12296
12299
12301
12302
12304
12307
12309
12310
12313
12314
12316
12319
12320
12323
12325
12326
12330
12332
12337
12338
12340
12343
12344
12350
12352
12355
12357
12358
12361
12362
12364
12367
12370
12372
12375
12376
12381
12382
12388
12392
12397
12398
12400
12406
12412
12419
12421
12422
12426
12434
12436
12439
12440
12443
12446
12452
12455
12464
12470
12474
12488
12493
12496
12506
12524
12529
12530
12542
12547
12549
12550
12554
12559
12562
12564
12567
12568
12574
12580
12583
12587
12592
12597
12598
12602
12604
12615
12616
12621
12630
12650
12652
12660
12663
12669
12670
12673
12674
12676
12679
12680
12683
12685
12686
12691
12693
12694
12703
12707
12709
12710
12714
12719
12721
12722
12724
12727
12728
12733
12734
12736
12739
12741
12742
12745
12748
12751
12760
12765
12775
12776
12781
12784
12787
12789
12790
12803
12805
12806
12810
12815
12818
12820
12823
12824
12827
12830
12836
12848
12854
12871
12872
12877
12883
12885
12886
12889
12890
12895
12908
12919
12923
12925
12926
12936
12941
12944
12954
12960
12963
12977
12990
12992
12995
12997
12998
13009
13015
13016
13021
13031
13037
13043
13045
13057
13058
13060
13063
13064
13067
13069
13070
13075
13077
13078
13082
13084
13087
13091
13093
13094
13098
13103
13105
13106
13108
13111
13112
13115
13118
13120
13123
13125
13126
13129
13130
13132
13135
13143
13144
13147
13149
13150
13159
13160
13165
13168
13171
13173
13177
13178
13180
13183
13187
13189
13190
13194
13199
13201
13202
13204
13207
13208
13211
13213
13214
13217
13218
13220
13223
13224
13227
13229
13230
13235
13237
13238
13242
13247
13255
13256
13259
13261
13262
13264
13267
13269
13270
13273
13274
13276
13279
13280
13283
13285
13286
13289
13290
13292
13295
13303
13304
13309
13312
13315
13317
13318
13322
13330
13332
13335
13336
13342
13348
13360
13366
13377
13378
13380
13383
13384
13387
13389
13390
13392
13395
13397
13398
13402
13404
13407
13408
13411
13413
13414
13420
13425
13426
13428
13431
13432
13435
13438
13447
13466
13477
13478
13490
13499
13502
13504
13507
13509
13510
13514
13519
13521
13522
13524
13527
13531
13533
13534
13540
13550
13552
13555
13558
13561
13564
13575
13579
13582
13590
13594
13596
13620
13623
13629
13630
13632
13635
13637
13638
13641
13644
13647
13650
13652
13655
13659
13661
13662
13668
13671
13672
13677
13678
13680
13685
13686
13692
13696
13699
13701
13702
13705
13706
13708
13711
13735
13739
13741
13744
13747
13749
13750
13759
13761
13762
13764
13767
13771
13773
13774
13776
13779
13781
13782
13785
13786
13788
13791
13792
13795
13797
13798
13809
13810
13812
13815
13816
13819
13821
13822
13831
13835
13838
13843
13845
13846
13850
13852
13855
13879
13885
13886
13888
13891
13893
13894
13897
13900
13903
13906
13908
13911
13917
13918
13924
13927
13933
13936
13939
13942
13975
13979
13982
14000
14005
14023
14027
14030
14035
14037
14038
14041
14044
14047
14051
14058
14063
14066
14071
14078
14080
14083
14085
14086
14089
14090
14092
14095
14103
14109
14110
14119
14123
14126
14128
14131
14133
14137
14138
14143
14145
14146
14148
14151
14152
14155
14157
14158
14160
14163
14165
14166
14169
14172
14175
14176
14179
14181
14182
14185
14188
14191
14193
14194
14196
14199
14200
14203
14205
14206
14215
14219
14221
14222
14224
14227
14229
14230
14239
14240
14243
14245
14246
14249
14250
14252
14255
14263
14267
14272
14275
14277
14278
14287
14289
14290
14292
14295
14296
14299
14301
14302
14305
14306
14308
14311
14312
14315
14317
14318
14320
14323
14325
14326
14329
14332
14335
14339
14341
14342
14346
14351
14354
14356
14359
14360
14363
14366
14372
14375
14379
14381
14384
14389
14390
14393
14394
14396
14408
14413
14444
14459
14471
14495
14501
14502
14523
14526
14528
14531
14533
14534
14543
14551
14552
14555
14557
14558
14561
14562
14564
14567
14571
14573
14574
14579
14582
14585
14586
14588
14591
14599
14603
14606
14647
14653
14654
14656
14659
14661
14662
14671
14679
14683
14709
14710
14723
14725
14726
14730
14735
14744
14747
14750
14756
14759
14768
14773
14774
14792
14797
14800
14803
14805
14815
14819
14826
14828
14831
14839
14845
14880
14883
14890
14909
14912
14915
14917
14918
14927
14930
14932
14935
14942
14951
14966
14976
14979
14981
14982
14999
15003
15006
15015
15029
15041
15042
15044
15047
15048
15051
15053
15054
15056
15059
15061
15062
15065
15068
15071
15072
15075
15077
15078
15081
15082
15087
15095
15096
15099
15101
15104
15107
15109
15110
15113
15114
15116
15119
15127
15133
15134
15143
15147
15149
15150
15152
15155
15157
15158
15161
15162
15164
15167
15169
15170
15172
15175
15176
15179
15181
15182
15184
15187
15189
15190
15199
15200
15203
15205
15206
15209
15212
15215
15217
15218
15223
15224
15227
15229
15245
15248
15251
15253
15263
15264
15267
15274
15276
15279
15287
15291
15299
15301
15302
15306
15311
15319
15320
15325
15332
15335
15336
15339
15341
15344
15347
15424
15427
15429
15430
15442
15444
15447
15454
15460
15463
15472
15475
15477
15478
15497
15498
15500
15503
15505
15506
15508
15511
15515
15528
15531
15533
15534
15536
15539
15541
15542
15559
15578
15580
15587
15589
15590
15602
15608
15614
15616
15619
15621
15622
15626
15631
15639
15669
15670
15681
15682
15684
15687
15732
15735
15742
15751
15770
15775
15776
15779
15799
15803
15805
15811
15813
15814
15818
15823
15826
15828
15831
15841
15842
15847
15851
15856
15861
15862
15872
15875
15877
15878
15882
15890
15892
15895
15896
15902
15911
15915
15926
15930
15943
15955
15957
15958
15967
15971
15973
15974
15986
15988
15991
15995
15997
15998
16008
16011
16013
16014
16016
16019
16021
16022
16026
16041
16042
16044
16047
16049
16050
16052
16055
16062
16064
16067
16069
16070
16082
16084
16087
16088
16093
16097
16098
16103
16115
16117
16118
16129
16130
16132
16135
16136
16139
16141
16142
16144
16147
16149
16150
16154
16156
16159
16160
16163
16165
16166
16170
16172
16175
16177
16178
16183
16184
16187
16190
16192
16195
16197
16198
16201
16202
16204
16207
16209
16210
16212
16215
16216
16221
16225
16226
16228
16231
16232
16235
16237
16238
16240
16243
16245
16246
16249
16250
16252
16255
16256
16259
16261
16262
16266
16279
16283
16286
16289
16290
16292
16295
16299
16302
16304
16307
16314
16327
16333
16339
16341
16342
16348
16351
16352
16355
16357
16358
16361
16362
16364
16367
16369
16370
16372
16375
16376
16379
16387
16389
16390
16394
16402
16404
16407
16408
16414
16420
16432
16438
16456
16461
16492
16507
16520
16525
16528
16538
16556
16562
16574
16576
16579
16581
16582
16591
16599
16600
16605
16612
16621
16627
16633
16636
16656
16668
16672
16675
16682
16692
16702
16727
16731
16733
16744
16757
16768
16771
16773
16774
16791
16792
16798
16814
16816
16822
16826
16828
16839
16881
16887
16893
16897
16898
16900
16903
16904
16907
16909
16910
16912
16915
16917
16918
16921
16922
16924
16927
16931
16933
16934
16938
16946
16948
16951
16952
16957
16958
16960
16963
16965
16966
16969
16970
16972
16975
16978
16980
16983
16984
16989
16990
17000
17005
17014
17024
17027
17029
17030
17033
17034
17036
17039
17041
17042
17044
17047
17048
17051
17053
17054
17064
17069
17072
17077
17078
17082
17087
17089
17090
17092
17095
17096
17099
17101
17102
17104
17107
17109
17110
17113
17114
17116
17119
17120
17123
17125
17126
17129
17130
17143
17144
17149
17155
17157
17158
17162
17167
17170
17172
17175
17176
17182
17195
17200
17203
17206
17209
17210
17212
17215
17223
17224
17229
17258
17265
17266
17272
17275
17277
17278
17288
17293
17296
17305
17306
17308
17317
17318
17324
17327
17330
17336
17339
17342
17344
17347
17349
17350
17362
17364
17367
17368
17373
17374
17380
17383
17389
17390
17395
17402
17472
17475
17477
17478
17490
17492
17495
17502
17508
17517
17520
17526
17559
17563
17607
17625
17628
17637
17638
17650
17656
17661
17662
17687
17717
17744
17756
17760
17763
17772
17780
17789
17790
17817
17841
17851
17853
17866
17871
17879
17885
17902
17904
17909
17910
17916
17920
17923
17925
17926
17930
17938
17940
17943
17944
17950
17963
17974
17985
17986
17988
17991
17992
17995
17997
17998
18000
18003
18005
18006
18010
18012
18015
18016
18019
18021
18022
18025
18034
18036
18039
18043
18045
18046
18056
18061
18064
18074
18090
18098
18107
18110
18112
18115
18117
18118
18130
18132
18135
18136
18139
18141
18142
18145
18146
18151
18152
18163
18165
18166
18169
18172
18183
18187
18190
18204
18225
18226
18232
18235
18238
18240
18243
18245
18246
18249
18252
18255
18258
18260
18263
18267
18269
18270
18280
18288
18291
18293
18294
18297
18298
18327
18328
18331
18334
18340
18343
18350
18355
18362
18375
18379
18382
18393
18396
18405
18406
18410
18412
18415
18417
18418
18427
18429
18496
18499
18501
18502
18514
18516
18519
18526
18532
18541
18544
18550
18560
18563
18565
18566
18583
18587
18596
18605
18611
18623
18631
18632
18635
18637
18638
18646
18661
18662
18665
18666
18668
18671
18674
18676
18711
18741
18768
18780
18784
18787
18796
18804
18813
18814
18823
18824
18827
18829
18830
18847
18858
18860
18865
18871
18875
18877
18895
18903
18904
18909
18925
18928
18933
18934
18940
18944
18947
18949
18950
18954
18962
18964
18967
18968
18974
18987
18998
19009
19010
19012
19015
19016
19019
19021
19022
19024
19027
19029
19030
19034
19036
19039
19040
19043
19045
19046
19049
19058
19060
19063
19067
19069
19070
19073
19074
19076
19079
19080
19083
19085
19086
19088
19091
19093
19094
19098
19103
19104
19107
19109
19110
19113
19127
19131
19134
19136
19139
19141
19142
19145
19146
19148
19151
19154
19156
19159
19160
19163
19165
19166
19169
19170
19175
19176
19179
19181
19182
19187
19189
19190
19193
19196
19207
19211
19214
19228
19249
19250
19256
19259
19262
19264
19267
19269
19270
19273
19276
19279
19282
19284
19287
19291
19293
19294
19304
19312
19315
19317
19318
19321
19322
19328
19331
19333
19334
19337
19340
19343
19346
19348
19351
19352
19355
19357
19358
19364
19367
19373
19374
19379
19386
19399
19400
19403
19405
19406
19414
19417
19418
19420
19423
19429
19430
19436
19441
19442
19448
19451
19453
19456
19459
19461
19462
19466
19474
19476
19479
19480
19486
19492
19504
19510
19527
19539
19541
19542
19546
19551
19557
19558
19570
19572
19575
19579
19582
19591
19610
19621
19622
19634
19643
19646
19648
19651
19653
19654
19663
19665
19666
19668
19671
19681
19682
19684
19687
19693
19694
19696
19699
19701
19702
19706
19708
19725
19728
19740
19744
19747
19753
19754
19764
19773
19774
19794
19796
19799
19803
19805
19806
19812
19815
19824
19827
19829
19830
19836
19850
19855
19863
19867
19870
19880
19888
19893
19894
19898
19900
19905
19906
19908
19911
19920
19923
19925
19926
19932
19935
19936
19939
19941
19942
19954
19959
19960
19963
19965
19966
19969
19970
19972
19975
19976
19979
19981
19982
19984
19987
19989
19990
19993
19994
19996
19999
20000
20003
20005
20006
20010
20018
20020
20023
20024
20029
20030
20032
20035
20037
20038
20042
20047
20050
20052
20055
20056
20061
20062
20065
20066
20071
20072
20075
20078
20083
20086
20096
20099
20101
20102
20106
20111
20114
20116
20119
20120
20123
20126
20129
20130
20135
20139
20147
20149
20150
20154
20159
20161
20162
20164
20167
20168
20171
20173
20174
20176
20179
20181
20182
20186
20188
20191
20192
20195
20197
20198
20201
20202
20207
20209
20210
20212
20215
20219
20222
20224
20227
20229
20230
20234
20239
20242
20244
20247
20248
20253
20254
20267
20272
20275
20277
20278
20281
20282
20284
20287
20289
20290
20292
20295
20296
20299
20301
20302
20307
20309
20310
20316
20319
20320
20323
20329
20330
20337
20338
20340
20343
20344
20347
20350
20359
20363
20365
20366
20378
20380
20389
20390
20396
20399
20401
20402
20408
20411
20414
20416
20419
20421
20422
20431
20433
20434
20436
20439
20446
20449
20450
20452
20455
20461
20462
20467
20469
20470
20474
20476
20567
20574
20598
20608
20611
20613
20614
20631
20635
20644
20653
20659
20671
20679
20688
20691
20693
20694
20703
20709
20710
20722
20724
20727
20736
20739
20741
20742
20746
20759
20765
20779
20789
20799
20808
20813
20828
20842
20852
20861
20862
20871
20880
20883
20885
20886
20895
20919
20923
20925
20951
20952
20957
20992
20995
20997
20998
21002
21010
21012
21015
21016
21022
21035
21046
21064
21069
21087
21098
21115
21118
21121
21122
21124
21127
21128
21131
21133
21134
21136
21139
21141
21142
21146
21151
21152
21155
21157
21158
21161
21175
21179
21182
21184
21187
21189
21190
21201
21202
21204
21207
21208
21211
21213
21214
21217
21218
21223
21224
21232
21235
21237
21238
21241
21247
21264
21273
21276
21285
21286
21292
21295
21298
21304
21307
21327
21330
21332
21335
21339
21341
21342
21348
21351
21357
21358
21363
21369
21370
21376
21379
21381
21382
21399
21400
21403
21406
21424
21427
21433
21434
21456
21459
21461
21462
21465
21468
21489
21490
21495
21499
21501
21527
21534
21558
21603
21617
21627
21658
21667
21691
21694
21706
21711
21714
21716
21719
21725
21739
21742
21744
21750
21753
21756
21773
21812
21821
21822
21824
21827
21829
21830
21847
21864
21877
21878
21884
21887
21905
21906
21908
21959
21977
21980
21983
22008
22013
22029
22041
22077
22080
22083
22085
22086
22097
22098
22100
22103
22110
22120
22134
22144
22147
22149
22150
22167
22171
22174
22184
22202
22207
22215
22219
22221
22222
22224
22227
22229
22230
22233
22236
22239
22243
22250
22255
22258
22263
22264
22269
22290
22292
22295
22296
22302
22308
22311
22317
22318
22323
22329
22330
22343
22349
22352
22355
22357
22358
22364
22367
22371
22373
22374
22380
22383
22385
22386
22391
22392
22395
22407
22449
22450
22455
22456
22459
22487
22488
22493
22512
22515
22522
22524
22527
22528
22531
22533
22534
22538
22546
22548
22551
22552
22558
22564
22576
22582
22599
22611
22613
22614
22623
22629
22630
22642
22644
22647
22651
22654
22663
22678
22682
22687
22693
22694
22706
22708
22715
22718
22720
22723
22725
22726
22735
22743
22744
22747
22749
22753
22754
22756
22759
22765
22766
22771
22774
22777
22780
22783
22791
22795
22798
22812
22836
22845
22846
22871
22872
22875
22901
22902
22912
22915
22917
22918
22927
22936
22939
22941
22942
22945
22946
22948
22951
22955
22957
22975
22983
22984
22987
22989
22990
22992
22995
22997
22998
23007
23011
23013
23014
23017
23018
23020
23023
23031
23037
23041
23042
23044
23047
23048
23051
23053
23054
23056
23059
23061
23062
23065
23066
23068
23071
23072
23075
23077
23078
23082
23090
23092
23095
23096
23101
23102
23104
23107
23109
23110
23114
23119
23122
23124
23127
23128
23133
23134
23137
23138
23143
23147
23155
23158
23168
23171
23173
23174
23178
23183
23186
23188
23191
23192
23195
23198
23201
23202
23207
23208
23211
23214
23219
23221
23222
23226
23233
23234
23236
23239
23240
23243
23245
23246
23248
23251
23253
23254
23257
23258
23260
23263
23264
23267
23269
23270
23273
23274
23279
23281
23282
23287
23288
23291
23293
23294
23296
23299
23301
23302
23306
23313
23314
23316
23319
23320
23325
23326
23332
23335
23342
23347
23349
23350
23353
23354
23367
23373
23379
23381
23382
23388
23391
23397
23398
23404
23407
23409
23410
23415
23422
23425
23426
23428
23431
23432
23435
23437
23438
23440
23443
23445
23446
23449
23450
23452
23455
23459
23461
23462
23473
23474
23476
23479
23480
23483
23485
23486
23488
23491
23493
23494
23497
23498
23500
23503
23505
23506
23508
23511
23512
23515
23517
23518
23527
23528
23531
23533
23534
23536
23539
23541
23542
23545
23546
23551
23559
23563
23566
23571
23573
23574
23578
23580
23583
23589
23590
23602
23604
23607
23608
23614
23639
23646
23655
23669
23670
23703
23707
23719
23751
23772
23781
23782
23794
23800
23806
23831
23838
23861
23862
23868
23879
23924
23933
23934
23937
23938
23940
23943
23947
23949
23950
23955
23957
23958
23961
23962
23964
23967
23968
23971
23973
23974
23977
23978
23980
23983
23992
23995
23998
24018
24020
24023
24040
24043
24048
24054
24060
24064
24067
24069
24070
24074
24079
24082
24084
24087
24088
24091
24093
24094
24097
24098
24103
24104
24107
24110
24115
24118
24122
24127
24135
24141
24147
24149
24150
24159
24160
24163
24180
24183
24187
24190
24199
24205
24218
24223
24224
24227
24254
24256
24259
24261
24262
24271
24274
24276
24279
24280
24283
24285
24286
24289
24290
24295
24299
24307
24309
24310
24319
24327
24331
24334
24339
24341
24342
24346
24348
24351
24357
24358
24364
24367
24369
24370
24375
24376
24382
24387
24389
24390
24401
24402
24404
24407
24411
24414
24420
24423
24430
24432
24435
24441
24448
24451
24453
24454
24457
24458
24460
24463
24465
24466
24468
24471
24472
24475
24477
24478
24481
24482
24484
24487
24488
24493
24496
24499
24501
24502
24505
24506
24508
24511
24519
24523
24525
24526
24543
24544
24547
24561
24562
24564
24567
24568
24571
24573
24577
24578
24580
24583
24584
24587
24589
24590
24592
24595
24597
24598
24601
24602
24604
24607
24608
24611
24613
24614
24618
24620
24625
24626
24628
24631
24632
24638
24640
24643
24645
24646
24649
24650
24652
24655
24658
24660
24663
24664
24669
24670
24676
24680
24685
24686
24688
24694
24700
24704
24707
24709
24710
24713
24714
24716
24719
24721
24722
24724
24727
24728
24731
24733
24734
24740
24744
24749
24750
24752
24755
24758
24762
24764
24767
24769
24770
24772
24775
24776
24779
24781
24782
24784
24787
24789
24790
24793
24794
24796
24799
24800
24803
24805
24806
24812
24818
24820
24823
24824
24829
24830
24835
24837
24838
24842
24847
24850
24852
24855
24856
24862
24868
24880
24885
24886
24892
24903
24904
24909
24940
24948
24957
24958
24968
24973
24976
24985
24986
24988
24992
24995
25001
25004
25010
25012
25016
25019
25021
25022
25024
25027
25029
25030
25042
25044
25047
25048
25053
25054
25057
25058
25060
25063
25069
25077
25078
25084
25091
25093
25094
25098
25103
25106
25108
25111
25112
25115
25118
25124
25127
25131
25136
25142
25146
25159
25160
25165
25171
25173
25174
25177
25178
25183
25194
25196
25204
25207
25211
25213
25214
25223
25224
25229
25232
25238
25241
25242
25244
25258
25260
25266
25272
25275
25278
25280
25283
25285
25286
25289
25290
25292
25295
25297
25303
25304
25307
25309
25316
25319
25320
25323
25325
25326
25331
25333
25334
25337
25338
25340
25343
25345
25346
25348
25351
25352
25355
25357
25358
25360
25363
25365
25366
25369
25370
25372
25375
25379
25381
25382
25386
25391
25394
25399
25400
25403
25406
25408
25411
25413
25414
25417
25418
25420
25423
25425
25426
25428
25431
25432
25435
25437
25438
25447
25448
25453
25466
25472
25475
25477
25478
25481
25482
25484
25487
25489
25495
25501
25502
25512
25517
25520
25529
25530
25532
25535
25537
25538
25540
25543
25544
25547
25549
25550
25555
25557
25558
25567
25568
25571
25573
25574
25585
25586
25588
25591
25592
25595
25597
25598
25600
25603
25605
25606
25610
25618
25620
25623
25624
25630
25636
25648
25654
25665
25666
25668
25671
25672
25675
25677
25678
25680
25683
25685
25686
25690
25692
25695
25696
25699
25701
25702
25708
25713
25714
25716
25719
25720
25723
25726
25736
25741
25744
25754
25763
25769
25772
25778
25787
25790
25792
25795
25797
25798
25810
25812
25815
25816
25819
25821
25822
25828
25831
25837
25840
25843
25846
25849
25850
25852
25855
25863
25867
25870
25884
25908
25917
25918
25920
25923
25925
25926
25929
25932
25935
25938
25940
25943
25947
25949
25950
25956
25959
25965
25968
25973
25974
25980
25983
26007
26008
26011
26014
26020
26023
26024
26037
26038
26042
26044
26055
26059
26062
26073
26076
26083
26085
26086
26090
26095
26098
26100
26104
26109
26110
26119
26123
26126
26131
26133
26134
26138
26140
26143
26164
26167
26173
26174
26176
26179
26181
26182
26185
26188
26191
26194
26196
26199
26205
26206
26212
26215
26216
26221
26222
26224
26227
26230
26250
26255
26258
26260
26263
26264
26267
26269
26270
26291
26293
26294
26298
26305
26306
26308
26311
26312
26317
26323
26325
26326
26329
26330
26332
26335
26336
26339
26341
26342
26345
26348
26354
26359
26360
26365
26366
26368
26371
26373
26374
26377
26378
26380
26383
26385
26386
26388
26391
26392
26395
26397
26398
26407
26411
26414
26426
26428
26433
26434
26436
26439
26440
26443
26445
26446
26448
26451
26453
26454
26457
26458
26460
26463
26464
26467
26469
26470
26473
26476
26479
26482
26484
26487
26493
26494
26497
26498
26500
26503
26504
26507
26509
26510
26512
26515
26517
26518
26524
26527
26546
26551
26552
26555
26557
26558
26560
26563
26565
26566
26569
26570
26572
26575
26577
26578
26580
26583
26587
26589
26590
26599
26603
26606
26614
26618
26620
26624
26627
26629
26630
26634
26642
26644
26647
26648
26654
26660
26672
26678
26689
26690
26692
26695
26696
26699
26701
26702
26704
26707
26709
26710
26714
26716
26719
26720
26723
26725
26726
26732
26737
26738
26740
26743
26744
26747
26750
26753
26754
26756
26759
26760
26763
26765
26766
26768
26771
26773
26774
26778
26783
26784
26787
26789
26790
26796
26802
26804
26807
26811
26814
26816
26819
26821
26822
26825
26826
26828
26831
26834
26836
26839
26840
26843
26845
26846
26852
26855
26856
26859
26861
26862
26864
26867
26870
26873
26874
26876
26879
26887
26891
26894
26908
26932
26941
26942
26944
26947
26949
26950
26953
26956
26959
26962
26964
26967
26971
26973
26974
26980
26983
26989
26992
26997
26998
27004
27007
27008
27011
27013
27014
27017
27020
27023
27026
27028
27031
27032
27035
27037
27038
27041
27042
27044
27047
27048
27051
27053
27054
27061
27062
27066
27068
27079
27080
27083
27085
27086
27094
27097
27098
27100
27103
27107
27109
27110
27113
27114
27116
27119
27122
27124
27128
27133
27134
27143
27147
27150
27155
27157
27158
27162
27164
27167
27188
27191
27197
27198
27200
27203
27205
27206
27209
27212
27215
27218
27220
27223
27229
27230
27236
27239
27240
27245
27246
27248
27251
27254
27264
27267
27269
27270
27273
27276
27279
27281
27287
27288
27291
27294
27300
27303
27304
27309
27310
27315
27317
27318
27322
27327
27329
27330
27332
27335
27336
27339
27341
27342
27344
27347
27349
27350
27353
27356
27359
27360
27363
27365
27366
27369
27370
27372
27375
27378
27383
27384
27389
27390
27392
27395
27397
27398
27401
27402
27404
27407
27409
27410
27412
27415
27416
27419
27421
27422
27431
27435
27438
27450
27452
27457
27458
27460
27463
27464
27467
27469
27470
27472
27475
27477
27478
27481
27482
27484
27487
27488
27491
27493
27494
27497
27500
27503
27506
27508
27511
27517
27518
27521
27522
27524
27527
27528
27531
27533
27534
27539
27541
27542
27545
27548
27551
27552
27555
27557
27558
27561
27564
27567
27569
27570
27572
27575
27576
27579
27581
27582
27584
27587
27589
27590
27593
27594
27596
27599
27601
27602
27604
27607
27608
27611
27613
27614
27623
27624
27627
27629
27630
27638
27641
27642
27644
27647
27649
27650
27652
27655
27656
27659
27661
27662
27664
27667
27669
27670
27673
27674
27676
27679
27680
27683
27685
27686
27689
27690
27692
27695
27697
27698
27700
27703
27704
27707
27709
27710
27712
27715
27717
27718
27722
27727
27730
27732
27735
27736
27741
27742
27748
27751
27757
27758
27760
27763
27765
27766
27772
27775
27776
27779
27781
27782
27786
27791
27794
27796
27799
27800
27803
27806
27812
27815
27821
27822
27824
27827
27830
27834
27839
27841
27842
27844
27847
27848
27851
27853
27854
27856
27859
27861
27862
27866
27868
27871
27872
27875
27877
27878
27882
27884
27887
27889
27890
27892
27895
27896
27899
27901
27902
27904
27907
27909
27910
27914
27919
27922
27924
27927
27928
27933
27934
27940
27943
27947
27950
27952
27957
27958
27964
27967
27969
27970
27972
27975
27976
27979
27981
27982
27987
27989
27990
27996
27999
28003
28005
28006
28010
28017
28020
28023
28029
28030
28039
28043
28045
28046
28058
28060
28067
28069
28070
28074
28076
28082
28084
28091
28093
28094
28096
28099
28101
28102
28111
28113
28114
28116
28119
28126
28129
28130
28132
28135
28139
28141
28142
28144
28147
28149
28150
28156
28159
28160
28163
28165
28166
28170
28175
28178
28180
28183
28184
28187
28189
28190
28196
28199
28203
28206
28208
28211
28214
28218
28223
28225
28226
28228
28231
28232
28235
28237
28238
28240
28243
28245
28246
28249
28250
28252
28255
28256
28259
28261
28262
28265
28266
28268
28273
28274
28276
28279
28280
28283
28285
28286
28289
28290
28292
28295
28299
28301
28302
28307
28309
28310
28313
28314
28319
28320
28323
28325
28326
28332
28338
28343
28347
28350
28352
28355
28357
28358
28361
28362
28364
28367
28369
28370
28372
28375
28379
28381
28382
28385
28386
28388
28391
28392
28395
28397
28398
28400
28403
28405
28406
28410
28412
28415
28417
28418
28420
28423
28424
28427
28429
28430
28432
28435
28437
28438
28441
28442
28444
28447
28448
28451
28453
28454
28458
28460
28463
28466
28468
28471
28472
28475
28477
28478
28480
28483
28485
28486
28489
28490
28492
28495
28497
28498
28500
28503
28504
28507
28509
28510
28513
28514
28516
28519
28520
28523
28525
28526
28531
28533
28534
28538
28540
28543
28544
28547
28549
28550
28553
28554
28556
28559
28561
28562
28564
28567
28568
28571
28573
28574
28583
28587
28589
28590
28598
28602
28607
28609
28610
28612
28615
28616
28619
28621
28622
28624
28627
28629
28630
28633
28634
28636
28639
28640
28643
28645
28646
28657
28658
28660
28663
28667
28669
28670
28675
28677
28678
28682
28687
28690
28692
28695
28696
28699
28702
28708
28711
28715
28717
28720
28725
28726
28729
28730
28732
28743
28744
28749
28755
28757
28758
28761
28762
28767
28773
28774
28778
28780
28786
28788
28791
28795
28798
28808
28813
28816
28826
28844
28850
28859
28862
28864
28867
28869
28870
28881
28887
28888
28893
28900
28909
28915
28918
28921
28924
28935
28939
28942
28983
28989
28990
29002
29007
29015
29019
29045
29056
29059
29061
29062
29065
29066
29068
29071
29080
29085
29086
29095
29096
29099
29101
29104
29107
29109
29110
29113
29116
29119
29121
29122
29124
29127
29128
29131
29133
29134
29136
29139
29141
29142
29145
29146
29148
29151
29152
29155
29157
29158
29161
29162
29164
29169
29170
29172
29175
29176
29179
29181
29182
29191
29195
29198
29203
29205
29206
29210
29212
29215
29239
29245
29246
29258
29263
29271
29272
29278
29302
29312
29315
29317
29318
29327
29335
29336
29339
29342
29365
29366
29370
29383
29384
29389
29392
29395
29397
29398
29401
29402
29404
29407
29426
29431
29432
29438
29443
29445
29446
29450
29455
29458
29460
29463
29464
29470
29488
29493
29497
29511
29512
29517
29554
29566
29576
29581
29584
29593
29594
29596
29600
29603
29605
29606
29609
29612
29623
29627
29630
29632
29635
29637
29638
29641
29642
29644
29647
29649
29650
29652
29655
29656
29659
29661
29662
29665
29666
29668
29671
29686
29689
29703
29707
29710
29715
29717
29718
29722
29724
29727
29733
29734
29746
29748
29751
29752
29758
29760
29763
29765
29766
29769
29772
29775
29778
29780
29783
29789
29790
29796
29799
29800
29805
29806
29808
29811
29813
29814
29820
29823
29847
29851
29854
29878
29882
29895
29899
29902
29907
29909
29910
29913
29916
29919
29925
29926
29930
29935
29938
29940
29943
29944
29950
29967
29975
30005
30023
30024
30029
30051
30068
30071
30078
30081
30082
30084
30087
30088
30091
30093
30094
30099
30101
30102
30115
30117
30118
30121
30122
30124
30127
30129
30130
30132
30135
30136
30141
30142
30144
30147
30149
30150
30153
30154
30156
30159
30161
30162
30164
30167
30168
30171
30173
30174
30177
30178
30180
30183
30184
30187
30192
30195
30197
30198
30201
30202
30204
30207
30223
30231
30235
30238
30262
30279
30280
30285
30291
30293
30294
30298
30303
30307
30327
30333
30334
30343
30362
30395
30398
30403
30405
30406
30410
30415
30417
30418
30420
30423
30424
30429
30446
30453
30454
30457
30471
30475
30478
30492
30514
30520
30526
30528
30531
30533
30534
30537
30540
30543
30546
30548
30551
30555
30557
30558
30567
30573
30576
30579
30581
30582
30591
30610
30612
30615
30616
30622
30632
30637
30650
30663
30664
30669
30681
30682
30684
30687
30691
30693
30694
30711
30712
30715
30717
30784
30787
30789
30790
30799
30802
30804
30807
30814
30820
30829
30832
30838
30844
30848
30851
30853
30854
30871
30875
30878
30884
30887
30913
30914
30916
30919
30920
30923
30925
30926
30928
30931
30933
30934
30937
30940
30943
30944
30947
30949
30950
30954
30956
30959
30962
30964
30967
30968
30973
30974
30993
30994
30996
30999
31000
31003
31005
31006
31009
31010
31012
31015
31016
31019
31021
31022
31029
31056
31059
31061
31062
31065
31066
31068
31071
31072
31075
31077
31078
31081
31082
31084
31087
31092
31102
31111
31112
31117
31135
31156
31159
31163
31165
31168
31171
31173
31174
31177
31178
31180
31183
31191
31192
31197
31204
31213
31214
31221
31222
31228
31232
31235
31237
31238
31242
31247
31250
31252
31255
31256
31259
31261
31262
31286
31303
31307
31309
31310
31315
31317
31318
31322
31324
31327
31351
31355
31357
31358
31361
31362
31364
31367
31386
31391
31422
31424
31427
31429
31430
31433
31434
31436
31439
31441
31442
31444
31447
31448
31451
31453
31454
31457
31458
31460
31463
31464
31467
31469
31470
31472
31475
31481
31482
31484
31487
31495
31499
31501
31502
31516
31538
31540
31544
31550
31552
31555
31557
31558
31561
31564
31567
31570
31572
31575
31579
31581
31582
31600
31603
31619
31621
31622
31625
31628
31631
31634
31636
31639
31640
31643
31646
31652
31655
31661
31687
31688
31691
31693
31694
31699
31701
31702
31705
31706
31708
31711
31715
31721
31722
31724
31727
31730
31735
31736
31741
31744
31747
31749
31750
31754
31762
31764
31767
31768
31774
31780
31792
31798
31815
31827
31829
31830
31839
31845
31846
31858
31860
31863
31867
31870
31880
31883
31885
31886
31888
31891
31893
31894
31898
31913
31916
31922
31924
31927
31931
31934
31936
31939
31941
31942
31954
31956
31959
31960
31965
31972
31975
31981
31984
31987
31990
31993
31994
31999
32016
32019
32021
32022
32026
32028
32031
32032
32035
32037
32038
32041
32042
32052
32061
32062
32081
32082
32084
32087
32088
32091
32093
32097
32098
32100
32103
32104
32107
32109
32110
32117
32118
32131
32133
32134
32138
32151
32155
32158
32164
32181
32182
32186
32188
32191
32199
32200
32205
32227
32229
32230
32241
32242
32244
32247
32251
32253
32254
32263
32267
32270
32275
32277
32278
32282
32284
32287
32311
32317
32318
32320
32323
32325
32326
32338
32340
32343
32350
32374
32393
32394
32396
32399
32401
32402
32404
32407
32411
32414
32424
32427
32429
32430
32432
32435
32437
32449
32450
32452
32455
32461
32467
32469
32470
32474
32476
32479
32480
32483
32485
32486
32498
32510
32512
32515
32517
32518
32522
32527
32530
32532
32535
32536
32541
32542
32555
32560
32563
32569
32572
32575
32577
32578
32580
32583
32584
32587
32589
32590
32595
32597
32598
32604
32611
32626
32628
32631
32638
32647
32651
32653
32654
32665
32666
32668
32671
32672
32675
32699
32701
32702
32704
32707
32709
32710
32719
32721
32722
32724
32727
32728
32733
32734
32743
32747
32749
32752
32755
32758
